66635
66631
66632
66633
66625
66630
66634
66626
66629
66627
66628
66609
66610
66611
66612
66617
66618
66613
66616
66614
66615
66603
66599
66600
66601
66593
66598
66602
66594
66597
66595
66596
66580
66581
66582
66583
66579
66586
66584
66578
66585
66577
66571
66567
66568
66569
66561
66566
66570
66562
66565
66563
66564
66545
66546
66547
66548
66553
66554
66549
66552
66550
66551
66539
66535
66536
66537
66529
66534
66538
66530
66533
66531
66532
66516
66517
66518
66519
66515
66522
66520
66514
66521
66513
66507
66503
66504
66505
66497
66502
66506
66498
66501
66499
66500
66481
66482
66483
66484
66489
66490
66485
66488
66486
66487
66475
66471
66472
66473
66465
66470
66474
66466
66469
66467
66468
66452
66453
66454
66455
66451
66458
66456
66450
66457
66449
66459
66641
66642
66643
66644
66649
66650
66645
66648
66646
66647
66619
66660
66661
66662
66663
66659
66666
66664
66658
66665
66657
66679
66680
66681
66673
66678
66682
66674
66677
66675
66676
66587
66689
66690
66691
66692
66697
66698
66693
66696
66694
66695
66705
66706
66707
66708
66713
66714
66709
66712
66710
66711
66699
66724
66725
66726
66727
66723
66730
66728
66722
66729
66721
66743
66744
66745
66737
66742
66746
66738
66741
66739
66740
66523
66753
66754
66755
66756
66761
66762
66757
66760
66758
66759
66769
66770
66771
66772
66777
66778
66773
66776
66774
66775
66763
66788
66789
66790
66791
66787
66794
66792
66786
66793
66785
66807
66808
66809
66801
66806
66810
66802
66805
66803
66804
66811
66817
66818
66819
66820
66825
66826
66821
66824
66822
66823
66827
66651
67015
67016
67017
67009
67014
67018
67010
67013
67011
67012
66993
66994
66995
66996
67001
67002
66997
67000
66998
66999
66987
66983
66984
66985
66977
66982
66986
66978
66981
66979
66980
66964
66965
66966
66967
66963
66970
66968
66962
66969
66961
66955
66951
66952
66953
66945
66950
66954
66946
66949
66947
66948
66929
66930
66931
66932
66937
66938
66933
66936
66934
66935
66923
66919
66920
66921
66913
66918
66922
66914
66917
66915
66916
66900
66901
66902
66903
66899
66906
66904
66898
66905
66897
66891
66887
66888
66889
66881
66886
66890
66882
66885
66883
66884
66865
66866
66867
66868
66873
66874
66869
66872
66870
66871
66859
66855
66856
66857
66849
66854
66858
66850
66853
66851
66852
66836
66837
66838
66839
66835
66842
66840
66834
66841
66833
66843
67025
67026
67027
67028
67033
67034
67029
67032
67030
67031
67003
67044
67045
67046
67047
67043
67050
67048
67042
67049
67041
67063
67064
67065
67057
67062
67066
67058
67061
67059
67060
66971
67073
67074
67075
67076
67081
67082
67077
67080
67078
67079
67089
67090
67091
67092
67097
67098
67093
67096
67094
67095
67083
67108
67109
67110
67111
67107
67114
67112
67106
67113
67105
67127
67128
67129
67121
67126
67130
67122
67125
67123
67124
66939
67137
67138
67139
67140
67145
67146
67141
67144
67142
67143
67153
67154
67155
67156
67161
67162
67157
67160
67158
67159
67147
67172
67173
67174
67175
67171
67178
67176
67170
67177
67169
67191
67192
67193
67185
67190
67194
67186
67189
67187
67188
66875
67201
67202
67203
67204
67209
67210
67205
67208
67206
67207
67211
67035
65492
65493
65494
65495
65491
65498
65496
65490
65497
65489
65511
65512
65513
65505
65510
65514
65506
65509
65507
65508
67051
65521
65522
65523
65524
65529
65530
65525
65528
65526
65527
65543
65544
65545
65537
65542
65546
65538
65541
65539
65540
67099
65556
65557
65558
65559
65555
65562
65560
65554
65561
65553
65575
65576
65577
65569
65574
65578
65570
65573
65571
65572
67115
65585
65586
65587
65588
65593
65594
65589
65592
65590
65591
65607
65608
65609
65601
65606
65610
65602
65605
65603
65604
67163
65620
65621
65622
65623
65619
65626
65624
65618
65625
65617
65639
65640
65641
65633
65638
65642
65634
65637
65635
65636
67179
65649
65650
65651
65652
65657
65658
65653
65656
65654
65655
65671
65672
65673
65665
65670
65674
65666
65669
65667
65668
67195
65499
65515
65563
65579
65627
65643
65675
