63179
63172
63173
63174
63175
63171
63178
63176
63170
63177
63169
63159
63160
63161
63153
63158
63162
63154
63157
63155
63156
63163
63137
63138
63139
63140
63145
63146
63141
63144
63142
63143
63127
63128
63129
63121
63126
63130
63122
63125
63123
63124
63147
63108
63109
63110
63111
63107
63114
63112
63106
63113
63105
63095
63096
63097
63089
63094
63098
63090
63093
63091
63092
63099
63073
63074
63075
63076
63081
63082
63077
63080
63078
63079
63063
63064
63065
63057
63062
63066
63058
63061
63059
63060
63083
63044
63045
63046
63047
63043
63050
63048
63042
63049
63041
63031
63032
63033
63025
63030
63034
63026
63029
63027
63028
63035
63009
63010
63011
63012
63017
63018
63013
63016
63014
63015
62999
63000
63001
62993
62998
63002
62994
62997
62995
62996
63019
89473
89474
89475
89476
89481
89482
89477
89480
89478
89479
89467
89463
89464
89465
89457
89462
89466
89458
89461
89459
89460
89444
89445
89446
89447
89443
89450
89448
89442
89449
89441
89451
89425
89426
89427
89428
89433
89434
89429
89432
89430
89431
89409
89410
89411
89412
89417
89418
89413
89416
89414
89415
89435
89399
89400
89401
89393
89398
89402
89394
89397
89395
89396
89380
89381
89382
89383
89379
89386
89384
89378
89385
89377
89387
89361
89362
89363
89364
89369
89370
89365
89368
89366
89367
89345
89346
89347
89348
89353
89354
89349
89352
89350
89351
89371
89335
89336
89337
89329
89334
89338
89330
89333
89331
89332
89316
89317
89318
89319
89315
89322
89320
89314
89321
89313
89323
89297
89298
89299
89300
89305
89306
89301
89304
89302
89303
89307
89483
89108
89109
89110
89111
89107
89114
89112
89106
89113
89105
89127
89128
89129
89121
89126
89130
89122
89125
89123
89124
89147
89137
89138
89139
89140
89145
89146
89141
89144
89142
89143
89159
89160
89161
89153
89158
89162
89154
89157
89155
89156
89419
89172
89173
89174
89175
89171
89178
89176
89170
89177
89169
89191
89192
89193
89185
89190
89194
89186
89189
89187
89188
89211
89201
89202
89203
89204
89209
89210
89205
89208
89206
89207
89223
89224
89225
89217
89222
89226
89218
89221
89219
89220
89355
89236
89237
89238
89239
89235
89242
89240
89234
89241
89233
89255
89256
89257
89249
89254
89258
89250
89253
89251
89252
89243
89265
89266
89267
89268
89273
89274
89269
89272
89270
89271
89287
89288
89289
89281
89286
89290
89282
89285
89283
89284
89275
89089
89090
89091
89092
89097
89098
89093
89096
89094
89095
89115
89079
89080
89081
89073
89078
89082
89074
89077
89075
89076
89060
89061
89062
89063
89059
89066
89064
89058
89065
89057
89131
89041
89042
89043
89044
89049
89050
89045
89048
89046
89047
89025
89026
89027
89028
89033
89034
89029
89032
89030
89031
89163
89015
89016
89017
89009
89014
89018
89010
89013
89011
89012
88996
88997
88998
88999
88995
89002
89000
88994
89001
88993
89195
88977
88978
88979
88980
88985
88986
88981
88984
88982
88983
88961
88962
88963
88964
88969
88970
88965
88968
88966
88967
89227
88951
88952
88953
88945
88950
88954
88946
88949
88947
88948
88932
88933
88934
88935
88931
88938
88936
88930
88937
88929
89259
88913
88914
88915
88916
88921
88922
88917
88920
88918
88919
88923
89099
88724
88725
-1
88727
88723
88730
88728
88722
88729
88721
88743
88744
88745
88737
88742
88746
88738
88741
88739
88740
89083
88753
88754
88755
88756
88761
88762
88757
88760
88758
88759
88775
88776
88777
88769
88774
88778
88770
88773
88771
88772
89035
88788
88789
88790
88791
88787
88794
88792
88786
88793
88785
88807
88808
88809
88801
88806
88810
88802
88805
88803
88804
88795
88817
88818
88819
88820
88825
88826
88821
88824
88822
88823
88839
88840
88841
88833
88838
88842
88834
88837
88835
88836
88971
88852
88853
88854
88855
88851
88858
88856
88850
88857
88849
88871
88872
88873
88865
88870
88874
88866
88869
88867
88868
88859
88881
88882
88883
88884
88889
88890
88885
88888
88886
88887
88903
88904
88905
88897
88902
88906
88898
88901
88899
88900
88891
88731
88747
88779
88811
88843
88875
88907
