83931
83927
83928
83929
83921
83926
83930
83922
83925
83923
83924
83937
83938
83939
83940
83945
83946
83941
83944
83942
83943
83963
83959
83960
83961
83953
83958
83962
83954
83957
83955
83956
83972
83973
83974
83975
83971
83978
83976
83970
83977
83969
83995
83991
83992
83993
83985
83990
83994
83986
83989
83987
83988
84001
84002
84003
84004
84009
84010
84005
84008
84006
84007
84027
84023
84024
84025
84017
84022
84026
84018
84021
84019
84020
84036
84037
84038
84039
84035
84042
84040
84034
84041
84033
84059
84055
84056
84057
84049
84054
84058
84050
84053
84051
84052
84065
84066
84067
84068
84073
84074
84069
84072
84070
84071
84091
84087
84088
84089
84081
84086
84090
84082
84085
84083
84084
84100
84101
84102
84103
84099
84106
84104
84098
84105
84097
84107
83905
83906
83907
83908
83913
83914
83909
83912
83910
83911
83947
83892
83893
83894
83895
83891
83898
83896
83890
83897
83889
83879
83880
83881
83873
83878
83882
83874
83877
83875
83876
83979
83857
83858
83859
83860
83865
83866
83861
83864
83862
83863
83841
83842
83843
83844
83849
83850
83845
83848
83846
83847
83867
83828
83829
83830
83831
83827
83834
83832
83826
83833
83825
83815
83816
83817
83809
83814
83818
83810
83813
83811
83812
84043
83793
83794
83795
83796
83801
83802
83797
83800
83798
83799
83777
83778
83779
83780
83785
83786
83781
83784
83782
83783
83803
83764
83765
83766
83767
83763
83770
83768
83762
83769
83761
83751
83752
83753
83745
83750
83754
83746
83749
83747
83748
83755
83729
83730
83731
83732
83737
83738
83733
83736
83734
83735
83739
83915
83543
83544
83545
83537
83542
83546
83538
83541
83539
83540
83553
83554
83555
83556
83561
83562
83557
83560
83558
83559
83579
83575
83576
83577
83569
83574
83578
83570
83573
83571
83572
83588
83589
83590
83591
83587
83594
83592
83586
83593
83585
83611
83607
83608
83609
83601
83606
83610
83602
83605
83603
83604
83617
83618
83619
83620
83625
83626
83621
83624
83622
83623
83643
83639
83640
83641
83633
83638
83642
83634
83637
83635
83636
83652
83653
83654
83655
83651
83658
83656
83650
83657
83649
83675
83671
83672
83673
83665
83670
83674
83666
83669
83667
83668
83681
83682
83683
83684
83689
83690
83685
83688
83686
83687
83707
83703
83704
83705
83697
83702
83706
83698
83701
83699
83700
83716
83717
83718
83719
83715
83722
83720
83714
83721
83713
83723
83521
83522
83523
83524
83529
83530
83525
83528
83526
83527
83563
83508
83509
83510
83511
83507
83514
83512
83506
83513
83505
83495
83496
83497
83489
83494
83498
83490
83493
83491
83492
83595
83473
83474
83475
83476
83481
83482
83477
83480
83478
83479
83457
83458
83459
83460
83465
83466
83461
83464
83462
83463
83483
83444
83445
83446
83447
83443
83450
83448
83442
83449
83441
83431
83432
83433
83425
83430
83434
83426
83429
83427
83428
83627
83409
83410
83411
83412
83417
83418
83413
83416
83414
83415
83393
83394
83395
83396
83401
83402
83397
83400
83398
83399
83419
83380
83381
83382
83383
83379
83386
83384
83378
83385
83377
83367
83368
83369
83361
83366
83370
83362
83365
83363
83364
83691
83345
83346
83347
83348
83353
83354
83349
83352
83350
83351
83355
83531
62788
62789
62790
62791
62787
62794
62792
62786
62793
62785
62775
62776
62777
62769
62774
62778
62770
62773
62771
62772
83515
62753
62754
62755
62756
62761
62762
62757
62760
62758
62759
62743
62744
62745
62737
62742
62746
62738
62741
62739
62740
83467
62724
62725
62726
62727
62723
62730
62728
62722
62729
62721
62711
62712
62713
62705
62710
62714
62706
62709
62707
62708
83451
62689
62690
62691
62692
62697
62698
62693
62696
62694
62695
62679
62680
62681
62673
62678
62682
62674
62677
62675
62676
83403
62660
62661
62662
62663
62659
62666
62664
62658
62665
62657
62647
62648
62649
62641
62646
62650
62642
62645
62643
62644
83387
62625
62626
62627
62628
62633
62634
62629
62632
62630
62631
62615
62616
62617
62609
62614
62618
62610
62613
62611
62612
83371
62795
62779
62731
62715
62667
62651
62619

