65115
65108
65109
65110
65111
65107
65114
65112
65106
65113
65105
65127
65128
65129
65121
65126
65130
65122
65125
65123
65124
65131
65137
65138
65139
65140
65145
65146
65141
65144
65142
65143
65159
65160
65161
65153
65158
65162
65154
65157
65155
65156
65147
65172
65173
65174
65175
65171
65178
65176
65170
65177
65169
65191
65192
65193
65185
65190
65194
65186
65189
65187
65188
65195
65201
65202
65203
65204
65209
65210
65205
65208
65206
65207
65223
65224
65225
65217
65222
65226
65218
65221
65219
65220
65211
65236
65237
65238
65239
65235
65242
65240
65234
65241
65233
65255
65256
65257
65249
65254
65258
65250
65253
65251
65252
65259
65265
65266
65267
65268
65273
65274
65269
65272
65270
65271
65287
65288
65289
65281
65286
65290
65282
65285
65283
65284
65275
84865
84866
84867
84868
84873
84874
84869
84872
84870
84871
84859
84855
84856
84857
84849
84854
84858
84850
84853
84851
84852
84836
84837
84838
84839
84835
84842
84840
84834
84841
84833
84843
84801
84802
84803
84804
84809
84810
84805
84808
84806
84807
84817
84818
84819
84820
84825
84826
84821
84824
84822
84823
84811
84791
84792
84793
84785
84790
84794
84786
84789
84787
84788
84772
84773
84774
84775
84771
84778
84776
84770
84777
84769
84779
84753
84754
84755
84756
84761
84762
84757
84760
84758
84759
84737
84738
84739
84740
84745
84746
84741
84744
84742
84743
84763
84727
84728
84729
84721
84726
84730
84722
84725
84723
84724
84708
84709
84710
84711
84707
84714
84712
84706
84713
84705
84715
84689
84690
84691
84692
84697
84698
84693
84696
84694
84695
84699
84875
84500
84501
84502
84503
84499
84506
84504
84498
84505
84497
84519
84520
84521
84513
84518
84522
84514
84517
84515
84516
84539
84529
84530
84531
84532
84537
84538
84533
84536
84534
84535
84551
84552
84553
84545
84550
84554
84546
84549
84547
84548
84827
84564
84565
84566
84567
84563
84570
84568
84562
84569
84561
84583
84584
84585
84577
84582
84586
84578
84581
84579
84580
84603
84593
84594
84595
84596
84601
84602
84597
84600
84598
84599
84615
84616
84617
84609
84614
84618
84610
84613
84611
84612
84747
84628
84629
84630
84631
84627
84634
84632
84626
84633
84625
84647
84648
84649
84641
84646
84650
84642
84645
84643
84644
84635
84657
84658
84659
84660
84665
84666
84661
84664
84662
84663
84679
84680
84681
84673
84678
84682
84674
84677
84675
84676
84667
84481
84482
84483
84484
84489
84490
84485
84488
84486
84487
84507
84471
84472
84473
84465
84470
84474
84466
84469
84467
84468
84452
84453
84454
84455
84451
84458
84456
84450
84457
84449
84523
84433
84434
84435
84436
84441
84442
84437
84440
84438
84439
84417
84418
84419
84420
84425
84426
84421
84424
84422
84423
84555
84407
84408
84409
84401
84406
84410
84402
84405
84403
84404
84388
84389
84390
84391
84387
84394
84392
84386
84393
84385
84587
84369
84370
84371
84372
84377
84378
84373
84376
84374
84375
84353
84354
84355
84356
84361
84362
84357
84360
84358
84359
84619
84343
84344
84345
84337
84342
84346
84338
84341
84339
84340
84324
84325
84326
84327
84323
84330
84328
84322
84329
84321
84651
84305
84306
84307
84308
84313
84314
84309
84312
84310
84311
84315
84491
84116
84117
84118
84119
84115
84122
84120
84114
84121
84113
84135
84136
84137
84129
84134
84138
84130
84133
84131
84132
84475
84145
84146
84147
84148
84153
84154
84149
84152
84150
84151
84167
84168
84169
84161
84166
84170
84162
84165
84163
84164
84427
84180
84181
84182
84183
84179
84186
84184
84178
84185
84177
84199
84200
84201
84193
84198
84202
84194
84197
84195
84196
84187
84209
84210
84211
84212
84217
84218
84213
84216
84214
84215
84231
84232
84233
84225
84230
84234
84226
84229
84227
84228
84363
84244
84245
84246
84247
84243
84250
84248
84242
84249
84241
84263
84264
84265
84257
84262
84266
84258
84261
84259
84260
84251
84273
84274
84275
84276
84281
84282
84277
84280
84278
84279
84295
84296
84297
84289
84294
84298
84290
84293
84291
84292
84283
84123
84139
84171
84203
84235
84267
84299
