55835
55831
55832
55833
55825
55830
55834
55826
55829
55827
55828
55809
55810
55811
55812
55817
55818
55813
55816
55814
55815
55819
55799
55800
55801
55793
55798
55802
55794
55797
55795
55796
55780
55781
55782
55783
55779
55786
55784
55778
55785
55777
55787
55767
55768
55769
55761
55766
55770
55762
55765
55763
55764
55745
55746
55747
-1
55753
55754
55749
55752
55750
55751
55755
55735
55736
55737
55729
55734
55738
55730
55733
55731
55732
55716
55717
55718
55719
55715
55722
55720
55714
55721
55713
55723
55703
55704
55705
55697
55702
55706
55698
55701
55699
55700
55681
55682
55683
55684
55689
55690
55685
55688
55686
55687
55691
55671
55672
55673
55665
55670
55674
55666
55669
55667
55668
55652
55653
55654
55655
55651
55658
55656
55650
55657
55649
55659
55841
55842
55843
55844
55849
55850
55845
55848
55846
55847
55860
55860
55861
55862
55863
55859
55866
55864
55858
55865
55857
55879
55880
55881
55873
55878
55882
55874
55877
55875
55876
55899
55889
55890
55891
55892
55897
55898
55893
55896
55894
55905
-1
55906
55907
55908
55913
55914
55909
55912
55910
55911
55931
55924
55925
55926
55927
55923
55930
55928
55922
55929
55921
55943
55944
55945
55937
55942
55946
55938
55941
55939
55940
55963
55953
55954
55955
55956
55961
55962
55957
55960
55958
55959
55969
55970
55971
55972
55977
55978
55973
55976
55974
55975
-1
55988
55989
55990
55991
55987
55994
55992
55986
55993
55985
56007
56008
56009
56001
56006
56010
56002
56005
56003
56004
55675
56017
56018
56019
56020
56025
56026
56021
56024
56022
56023
56027
56219
56215
56216
56217
56209
56214
56218
56210
56213
56211
56212
56193
56194
56195
56196
56201
56202
56197
56200
56198
56199
55883
56183
56184
56185
56177
56182
56186
56178
56181
56179
56180
56164
56165
56166
56167
56163
56170
56168
56162
56169
56161
55915
56151
56152
56153
56145
56150
56154
56146
56149
56147
56148
56129
56130
56131
56132
56137
56138
56133
56136
56134
56135
55947
56119
56120
56121
56113
56118
56122
56114
56117
56115
56116
56100
56101
56102
56103
56099
56106
56104
56098
56105
56097
55979
56087
56088
56089
56081
56086
56090
56082
56085
56083
56084
56065
56066
56067
56068
56073
56074
56069
56072
56070
56071
56011
56055
56056
56057
56049
56054
56058
56050
56053
56051
56052
56036
56037
56038
56039
56035
56042
56040
56034
56041
56033
56059
56225
56226
56227
56228
56233
56234
56229
56232
56230
56231
-1
-1
56245
56246
56247
56243
56250
56248
56242
56249
56241
-1
56264
56265
-1
56262
56266
56258
56261
56259
-1
56203
56273
56274
56275
56276
56281
56282
56277
56280
56278
56279
56289
56290
56291
56292
56297
56298
56293
56296
56294
56295
56283
56308
56309
56310
56311
56307
56314
56312
56306
56313
56305
56327
56328
56329
56321
56326
56330
56322
56325
56323
56324
56315
56337
56338
56339
56340
56345
56346
56341
56344
56342
56343
56353
56354
56355
56356
56361
56362
56357
56360
56358
56359
56347
56372
56373
56374
56375
56371
56378
56376
56370
56377
56369
56391
56392
56393
56385
56390
56394
56386
56389
56387
56379
56401
56401
56402
56403
56404
56409
56410
56405
56408
56406
56407
56043
56235
57188
57189
57190
57191
57187
57194
57192
57186
57193
57185
57207
57208
57209
57201
57206
57210
57202
57205
57203
57204
-1
57217
57218
57219
57220
57225
57226
57221
57224
57222
57223
57239
57240
57241
57233
57238
57242
57234
57237
57235
57236
-1
57252
57253
57254
57255
57251
57258
57256
57250
57257
57249
57271
57272
57273
57265
57270
57274
57266
57269
57267
57268
56331
57281
57282
57283
57284
57289
57290
57285
57288
57286
57287
57303
57304
57305
57297
57302
57306
57298
57301
57299
57300
-1
57316
57317
57318
57319
57315
57322
57320
57314
57321
57313
57335
57336
57337
57329
57334
57338
57330
57333
57331
57332
56395
61412
61413
61414
61415
61411
61418
61416
61410
61417
61409
61063
61064
61065
61057
61062
61066
61058
61061
61059
61060
56411
57195
57227
-1
57291
57323
61419
61067
