54676
54677
54678
54679
54675
54682
54680
54674
54681
54673
54695
54696
54697
54689
54694
54698
54690
54693
54691
54692
54705
54706
54707
54708
54713
54714
54709
54712
54710
54711
54727
54728
54729
54721
54726
54730
54722
54725
54723
54724
54740
54741
54742
54743
54739
54746
54744
54738
54745
54737
54759
54760
54761
54753
54758
54762
54754
54757
54755
54756
54769
54770
54771
54772
54777
54778
54773
54776
54774
54775
54791
54792
54793
54785
54790
54794
54786
54789
54787
54788
54804
54805
54806
54807
54803
54810
54808
54802
54809
54801
54823
54824
54825
54817
54822
54826
54818
54821
54819
54820
57611
57908
57909
57910
57911
57907
57914
57912
57906
57913
57905
54683
57889
57890
57891
57892
57897
57898
57893
57896
57894
57895
57643
57873
57874
57875
57876
57881
57882
57877
57880
57878
57879
57899
57863
57864
57865
57857
57862
57866
57858
57861
57859
57860
57675
57844
57845
57846
57847
57843
57850
57848
57842
57849
57841
57867
57825
57826
57827
57828
57833
57834
57829
57832
57830
57831
57707
57809
57810
57811
57812
57817
57818
57813
57816
57814
57815
57835
57799
57800
57801
57793
57798
57802
57794
57797
57795
57796
57739
57780
57781
57782
57783
57779
57786
57784
57778
57785
57777
57803
57761
57762
57763
57764
57769
57770
57765
57768
57766
57767
57787
57771
57601
-1
57603
57604
57609
57610
57605
57608
57606
57607
57623
57624
57625
57617
57618
57626
57622
57619
57621
57620
57636
-1
57638
57639
57635
57642
57640
57634
57641
57633
57655
57656
57657
57649
57654
57658
57650
57653
57651
57652
57665
57666
57667
57668
57673
57674
57669
57672
57670
57671
57687
57688
57689
57681
57686
57690
57682
57685
57683
57684
57700
57701
57702
57703
57699
57706
57704
57698
57705
57697
57719
57720
57721
57713
57718
57722
57714
57717
57715
57716
57729
57730
57731
57732
57737
57738
57733
57736
57734
57735
57751
57752
57753
57745
57750
57754
57746
57749
57747
57748
-1
53457
53458
53459
53460
53465
53466
53461
53464
53462
53463
53467
57505
57506
57507
57508
57513
57514
57509
57512
57510
57511
57499
57489
57490
57491
57492
57497
57498
57493
57496
57494
57495
57627
57479
57480
57481
57473
57478
57482
57474
57477
57475
57476
57467
57460
57461
57462
57463
57459
57466
57464
57458
57465
57457
57659
57441
57442
57443
57444
57449
57450
57445
57448
57446
57447
57435
57425
57426
57427
57428
57433
57434
57429
57432
57430
57431
57691
57415
57416
57417
57409
57414
57418
57410
57413
57411
57412
57403
57396
57397
57398
57399
57395
57402
57400
57394
57401
57393
57723
57377
57378
57379
57380
57385
57386
57381
57384
57382
57383
57387
-1
53508
53509
53510
53511
53507
53514
53512
53506
53513
53505
53527
53528
53529
53521
53526
53530
53522
53525
53523
53524
53537
53538
53539
53540
53545
53546
53541
53544
53542
53543
53553
53554
53555
53556
53561
53562
53557
53560
53558
53559
53572
53573
53574
53575
53571
53578
53576
53570
53577
53569
53591
53592
53593
53585
53590
53594
53586
53589
53587
53588
53601
53602
53603
53604
53609
53610
53605
53608
53606
53607
53617
53618
53619
53620
53625
53626
53621
53624
53622
53623
53636
53637
53638
53639
53635
53642
53640
53634
53641
53633
53655
53656
53657
53649
53654
53658
53650
53653
53651
53652
