52916
52917
52918
52919
52915
52922
52920
52914
52921
52913
52935
52936
52937
52929
52934
52938
52930
52933
52931
52932
52945
52946
52947
52948
52953
52954
52949
52952
52950
52951
52961
52962
52963
52964
52969
52970
52965
52968
52966
52967
52980
52981
52982
52983
52979
52986
52984
52978
52985
52977
52999
53000
53001
52993
52998
53002
52994
52997
52995
52996
53009
53010
53011
53012
53017
53018
53013
53016
53014
53015
53025
53026
53027
53028
53033
53034
53029
53032
53030
53031
53044
53045
53046
53047
53043
53050
53048
53042
53049
53041
53063
53064
53065
53057
53062
53066
53058
53061
53059
53060
52539
52865
52866
52867
52868
52873
52874
52869
52872
52870
52871
52923
52855
52856
52857
52849
52854
52858
52850
52853
52851
52852
-1
52836
52837
52838
52839
52835
52842
52840
52834
52841
52833
53307
53303
53304
53305
53297
53302
53306
53298
53301
53299
53300
52603
52801
52802
52803
52804
52809
52810
52805
52808
52806
52807
52795
52791
52792
52793
52785
52790
52794
52786
52789
52787
52788
52635
52772
52773
52774
52775
52771
52778
52776
52770
52777
52769
52763
52759
52760
52761
52753
52758
52762
52754
52757
52755
52756
52667
52737
52738
52739
52740
52745
52746
52741
52744
52742
52743
53067
52727
52728
52729
52721
52726
52730
52722
52725
52723
52724
52747
52731
52532
52533
52534
52535
52531
52538
52536
52530
52537
52529
52551
52552
52553
52545
52550
52554
52546
52549
52547
52548
52561
52562
52563
52564
52569
52570
52565
52568
52566
52567
52577
52578
52579
52580
52585
52586
52581
52584
52582
52583
52596
52597
52598
52599
52595
52602
52600
52594
52601
52593
52615
52616
52617
52609
52614
52618
52610
52613
52611
52612
52625
52626
52627
52628
52633
52634
52629
52632
52630
52631
52641
52642
52643
52644
52649
52650
52645
52648
52646
52647
52660
52661
52662
52663
52659
52666
52664
52658
52665
52657
52679
52680
52681
52673
52678
52682
52674
52677
52675
52676
-1
61380
61381
61382
61383
61379
61386
61384
61378
61385
61377
52555
61361
61362
61363
61364
61369
61370
61365
61368
61366
61367
61387
61345
61346
61347
61348
61353
61354
61349
61352
61350
61351
61371
61335
61336
61337
61329
61334
61338
61330
61333
61331
61332
61355
61316
61317
61318
61319
61315
61322
61320
61314
61321
61313
52619
61297
61298
61299
61300
61305
61306
61301
61304
61302
61303
61323
61281
61282
61283
61284
61289
61290
61285
61288
61286
61287
61307
61271
61272
61273
61265
61270
61274
61266
61269
61267
61268
61291
61252
61253
61254
61255
61251
61258
61256
61250
61257
61249
61275
61233
61234
61235
61236
61241
61242
61237
61240
61238
61239
61243
-1
61089
61090
61091
61092
61097
61098
61093
61096
61094
61095
61111
61112
61113
61105
61110
61114
61106
61109
61107
61108
61124
61125
61126
61127
61123
61130
61128
61122
61129
61121
61143
61144
61145
61137
61142
61146
61138
61141
61139
61140
61153
61154
61155
61156
61161
61162
61157
61160
61158
61159
61175
61176
61177
61169
61174
61178
61170
61173
61171
61172
61188
61189
61190
61191
61187
61194
61192
61186
61193
61185
61207
61208
61209
61201
61206
61210
61202
61205
61203
61204
61825
61826
61827
61828
61833
61834
61829
61832
61830
61831
61815
61816
61817
61809
61814
61818
61810
61813
61811
61812
