43191
43192
43193
43185
43190
43194
43186
43189
43187
43188
43172
43173
43174
43175
43171
43178
43176
43170
43177
43169
43159
43160
43161
43153
43158
43162
43154
43157
43155
43156
43137
43138
43139
43140
43145
43146
43141
43144
43142
43143
43127
43128
43129
43121
43126
43130
43122
43125
43123
43124
43108
43109
43110
43111
43107
43114
43112
43106
43113
43105
43095
43096
43097
43089
43094
43098
43090
43093
43091
43092
43073
43074
43075
43076
43081
43082
43077
43080
43078
43079
43063
43064
43065
43057
43062
43066
43058
43061
43059
43060
43044
43045
43046
43047
43043
43050
43048
43042
43049
43041
-1
43367
43368
43369
43361
43366
43370
43362
43365
43363
43364
43179
43345
43346
43347
43348
43353
43354
43349
43352
43350
43351
43547
43329
43330
43331
43332
43337
43338
43333
43336
43334
43335
43147
43316
43317
43318
43319
43315
43322
43320
43314
43321
43313
43499
43303
43304
43305
43297
43302
43306
43298
43301
43299
43300
43115
43281
43282
43283
43284
43289
43290
43285
43288
43286
43287
43483
43265
43266
43267
43268
43273
43274
43269
43272
43270
43271
43083
43252
43253
43254
43255
43251
43258
43256
43250
43257
43249
43435
43239
43240
43241
43233
43238
43242
43234
43237
43235
43236
43051
43217
43218
43219
43220
43225
43226
43221
43224
43222
43223
43419
43227
43559
43560
43561
43553
43558
43562
43554
43557
43555
43556
43540
43541
43542
43543
43539
43546
43544
43538
43545
43537
43527
43528
43529
43521
43526
43530
43522
43525
43523
43524
43505
43506
43507
43508
43513
43514
43509
43512
43510
43511
43495
43496
43497
43489
43494
43498
43490
43493
43491
43492
43476
43477
43478
43479
43475
43482
43480
43474
43481
43473
43463
43464
43465
43457
43462
43466
-1
43461
43459
43460
43441
43442
43443
43444
43449
43450
43445
43448
43446
43447
43431
43432
43433
43425
43430
43434
43426
43429
43427
43428
43412
43413
43414
43415
43411
43418
43416
43410
43417
43409
-1
43751
43752
43753
43745
43750
43754
43746
43749
43747
43748
43563
43729
43730
43731
43732
43737
43738
43733
43736
43734
43735
43755
43713
43714
43715
43716
43721
43722
43717
43720
43718
43719
43739
43700
43701
43702
43703
43699
43706
43704
43698
43705
43697
43707
43687
43688
43689
43681
43686
43690
43682
43685
43683
43684
43515
43665
43666
43667
43668
43673
43674
43669
43672
43670
43671
43691
43649
43650
-1
43652
43657
43658
43653
43656
-1
43655
43675
43636
43637
43638
43639
43635
43642
43640
43634
43641
43633
43643
43623
43624
43625
43617
43622
43626
43618
43621
43619
43620
43451
43601
43602
43603
43604
43609
43610
43605
43608
43606
43607
43627
43611
65316
65317
65318
65319
65315
65322
65320
65314
65321
65313
65335
65336
65337
65329
65334
65338
65330
65333
65331
65332
65345
65346
65347
65348
65353
65354
65349
65352
65350
65351
65361
65362
65363
65364
65369
65370
65365
65368
65366
65367
65380
65381
65382
65383
65379
65386
65384
65378
65385
65377
65399
65400
65401
65393
65398
65402
65394
65397
65395
65396
65409
65410
65411
65412
65417
65418
65413
65416
65414
65415
65425
65426
65427
65428
65433
65434
65429
65432
65430
65431
65444
65445
65446
65447
65443
65450
65448
65442
65449
65441
65463
65464
65465
65457
65462
65466
65458
65461
65459
65460
