86999
87000
87001
86993
86998
87002
86994
86997
86995
86996
87009
87010
87011
87012
87017
87018
87013
87016
87014
87015
87031
87032
87033
87025
87030
87034
87026
87029
87027
87028
87044
87045
87046
87047
87043
87050
87048
87042
87049
87041
87063
87064
87065
87057
87062
87066
87058
87061
87059
87060
87073
87074
87075
87076
87081
87082
87077
87080
87078
87079
87095
87096
87097
87089
87094
87098
87090
87093
87091
87092
87108
87109
87110
87111
87107
87114
87112
87106
87113
87105
87127
87128
87129
87121
87126
87130
87122
87125
87123
87124
87137
87138
87139
87140
87145
87146
87141
87144
87142
87143
86987
86977
86978
86979
86980
86985
86986
86981
86984
86982
86983
87019
86964
86965
86966
86967
86963
86970
86968
86962
86969
86961
86971
86951
86952
86953
86945
86950
86954
86946
86949
86947
86948
87035
86929
86930
86931
86932
86937
86938
86933
86936
86934
86935
86667
86913
86914
86915
86916
86921
86922
86917
86920
86918
86919
87083
86900
86901
86902
86903
86899
86906
86904
86898
86905
86897
86907
86887
86888
86889
86881
86886
86890
86882
86885
86883
86884
86891
86865
86866
86867
86868
86873
86874
86869
86872
86870
86871
86731
86849
86850
86851
86852
86857
86858
86853
-1
86854
86855
86875
86836
86837
86838
86839
86835
86842
86840
86834
86841
86833
86843
87147
86615
86616
86617
86609
86614
86618
86610
86613
86611
86612
86625
86626
86627
86628
86633
86634
86629
86632
86630
86631
86647
86648
86649
86641
86646
86650
86642
86645
86643
86644
86660
86661
86662
86663
86659
86666
86664
86658
86665
86657
86679
86680
86681
86673
86678
86682
86674
86677
86675
86676
86689
86690
86691
86692
86697
86698
86693
86696
86694
86695
86711
86712
86713
86705
86710
86714
86706
86709
86707
86708
86724
86725
86726
86727
86723
86730
86728
86722
86729
86721
86743
86744
86745
86737
86742
86746
86738
86741
86739
86740
86753
86754
86755
86756
86761
86762
86757
86760
86758
86759
86603
86593
86594
86595
86596
86601
86602
86597
86600
86598
86599
86635
86580
86581
86582
86583
86579
86586
86584
86578
86585
86577
86587
86567
86568
86569
86561
86566
86570
86562
86565
86563
86564
86571
86545
86546
86547
86548
86553
86554
86549
86552
86550
86551
86539
86529
86530
86531
86532
86537
86538
86533
86536
86534
86535
86555
86516
86517
86518
86519
86515
86522
86520
86514
86521
86513
86523
86503
86504
86505
86497
86502
86506
86498
86501
86499
86500
86507
86481
86482
86483
86484
86489
86490
86485
86488
86486
86487
86475
86465
86466
86467
86468
86473
86474
86469
86472
86470
86471
86491
86452
86453
86454
86455
86451
86458
86456
86450
86457
86449
86459
86763
65079
65080
65081
65073
65078
65082
65074
65077
65075
65076
65060
65061
65062
65063
65059
65066
65064
65058
65065
65057
65041
65042
65043
65044
65049
65050
65045
65048
65046
65047
65025
65026
65027
65028
65033
65034
65029
65032
65030
65031
65015
65016
65017
65009
65014
65018
65010
65013
65011
65012
64996
64997
64998
64999
64995
65002
65000
64994
65001
64993
64977
64978
64979
64980
64985
64986
64981
64984
64982
64983
64961
64962
64963
64964
64969
64970
64965
64968
64966
64967
64951
64952
64953
64945
64950
64954
64946
64949
64947
64948
64932
64933
64934
64935
64931
64938
64936
64930
64937
64929
