62823
62824
62825
62817
62822
62826
62818
62821
62819
62820
62836
62837
62838
62839
62835
62842
62840
62834
62841
62833
62849
62850
62851
62852
62857
62858
62853
62856
62854
62855
62865
62866
62867
62868
62873
62874
62869
62872
62870
62871
62887
62888
62889
62881
62886
62890
62882
62885
62883
62884
62900
62901
62902
62903
62899
62906
62904
62898
62905
62897
62913
62914
62915
62916
62921
62922
62917
62920
62918
62919
62929
62930
62931
62932
62937
62938
62933
62936
62934
62935
62951
62952
62953
62945
62950
62954
62946
62949
62947
62948
62964
62965
62966
62967
62963
62970
62968
62962
62969
62961
87947
87937
87938
87939
87940
87945
87946
87941
87944
87942
87943
87931
87927
87928
87929
87921
87926
87930
87922
87925
87923
87924
87579
87908
87909
87910
87911
87907
87914
87912
87906
87913
87905
87915
87889
87890
87891
87892
87897
87898
87893
87896
87894
87895
87883
87873
87874
87875
87876
87881
87882
87877
87880
87878
87879
87899
87863
87864
87865
87857
87862
87866
87858
87861
87859
87860
87643
87844
87845
87846
87847
87843
87850
87848
87842
87849
87841
87851
87825
87826
87827
87828
87833
87834
87829
87832
87830
87831
87819
87809
87810
87811
87812
87817
87818
87813
87816
87814
87815
87835
87799
87800
87801
87793
87798
87802
87794
87797
87795
87796
87707
87803
87572
87573
87574
87575
87571
87578
87576
87570
87577
87569
87591
87592
87593
87585
87590
87594
87586
87589
87587
87588
87601
87602
87603
87604
87609
87610
87605
87608
87606
87607
87623
87624
87625
87617
87622
87626
87618
87621
87619
87620
87636
87637
87638
87639
87635
87642
87640
87634
87641
87633
87655
87656
87657
87649
87654
87658
87650
87653
87651
87652
87665
87666
87667
87668
87673
87674
87669
87672
87670
87671
87687
87688
87689
87681
87686
87690
87682
87685
87683
87684
87700
87701
87702
87703
87699
87706
87704
87698
87705
87697
87719
87720
87721
87713
87718
87722
87714
87717
87715
87716
87563
87553
87554
87555
87556
87561
87562
87557
87560
87558
87559
87547
87543
87544
87545
87537
87542
87546
87538
87541
87539
87540
87211
87524
87525
87526
87527
87523
87530
87528
87522
87529
87521
87595
87505
87506
87507
87508
87513
87514
87509
87512
87510
87511
87499
87489
87490
87491
87492
87497
87498
87493
87496
87494
87495
87483
87479
87480
87481
87473
87478
87482
87474
87477
87475
87476
87275
87460
87461
87462
87463
87459
87466
87464
87458
87465
87457
87659
87441
87442
87443
87444
87449
87450
87445
87448
87446
87447
87435
87425
87426
87427
87428
87433
87434
87429
87432
87430
87431
87419
87415
87416
87417
87409
87414
87418
87410
87413
87411
87412
87339
87723
87188
87189
87190
87191
87187
87194
87192
87186
87193
87185
87207
87208
87209
87201
87206
87210
87202
87205
87203
87204
87217
87218
87219
87220
87225
87226
87221
87224
87222
87223
87239
87240
87241
87233
87238
87242
87234
87237
87235
87236
87252
87253
87254
87255
87251
87258
87256
87250
87257
87249
87271
87272
87273
87265
87270
87274
87266
87269
87267
87268
87281
87282
87283
87284
87289
87290
87285
87288
87286
87287
87303
87304
87305
87297
87302
87306
87298
87301
87299
87300
87316
87317
87318
87319
87315
87322
87320
87314
87321
87313
87335
87336
87337
87329
87334
87338
87330
87333
87331
87332
