63207
63208
63209
63201
63206
63210
63202
63205
63203
63204
63220
63221
63222
63223
63219
63226
63224
63218
63225
63217
63233
63234
63235
63236
63241
63242
63237
63240
63238
63239
63249
63250
63251
63252
63257
63258
63253
63256
63254
63255
63271
63272
63273
63265
63270
63274
63266
63269
63267
63268
63284
63285
63286
63287
63283
63290
63288
63282
63289
63281
63297
63298
63299
63300
63305
63306
63301
63304
63302
63303
63313
63314
63315
63316
63321
63322
63317
63320
63318
63319
63335
63336
63337
63329
63334
63338
63330
63333
63331
63332
63348
63349
63350
63351
63347
63354
63352
63346
63353
63345
82139
81828
81829
81830
81831
81827
81834
81832
81826
81833
81825
81835
81841
81842
81843
81844
81849
81850
81845
81848
81846
81847
81867
81857
81858
81859
81860
81865
81866
81861
81864
81862
81863
81851
81879
81880
81881
81873
81878
81882
81874
81877
81875
81876
81883
81892
81893
81894
81895
81891
81898
81896
81890
81897
81889
81899
81905
81906
81907
81908
81913
81914
81909
81912
81910
81911
81931
81921
81922
81923
81924
81929
81930
81925
81928
81926
81927
81915
81943
81944
81945
81937
81942
81946
81938
81941
81939
81940
81947
81956
81957
81958
81959
81955
81962
81960
81954
81961
81953
81963
81969
81970
81971
81972
81977
81978
81973
81976
81974
81975
82011
81979
82129
82130
82131
82132
82137
82138
82133
82136
82134
82135
82119
82120
82121
82113
82118
82122
82114
82117
82115
82116
82100
82101
82102
82103
82099
82106
82104
82098
82105
82097
82087
82088
82089
82081
82086
82090
82082
82085
82083
82084
82065
82066
82067
82068
82073
82074
82069
82072
82070
82071
82055
82056
82057
82049
82054
82058
82050
82053
82051
82052
82036
82037
82038
82039
82035
82042
82040
82034
82041
82033
82023
82024
82025
82017
82022
82026
82018
82021
82019
82020
82001
82002
82003
82004
82009
82010
82005
82008
82006
82007
81991
81992
81993
81985
81990
81994
81986
81989
81987
81988
82539
82228
82229
82230
82231
82227
82234
82232
82226
82233
82225
82235
82241
82242
82243
82244
82249
82250
82245
82248
82246
82247
82267
82257
82258
82259
82260
82265
82266
82261
82264
82262
82263
82123
82279
82280
82281
82273
82278
82282
82274
82277
82275
82276
82491
82292
82293
82294
82295
82291
82298
82296
82290
82297
82289
82091
82305
82306
82307
82308
82313
82314
82309
82312
82310
82311
82475
82321
82322
82323
82324
82329
82330
82325
82328
82326
82327
82059
82343
82344
82345
82337
82342
82346
82338
82341
82339
82340
82427
82356
82357
82358
82359
82355
82362
82360
82354
82361
82353
82027
82369
82370
82371
82372
82377
82378
82373
82376
82374
82375
82411
81995
82529
82530
82531
82532
82537
82538
82533
82536
82534
82535
82519
82520
82521
82513
82518
82522
82514
82517
82515
82516
82500
82501
82502
82503
82499
82506
82504
82498
82505
82497
82487
82488
82489
82481
82486
82490
82482
82485
82483
82484
82465
82466
82467
82468
82473
82474
82469
82472
82470
82471
82455
82456
82457
82449
82454
82458
82450
82453
82451
82452
82436
82437
-1
82439
82435
82442
82440
82434
82441
82433
82423
82424
82425
82417
82422
82426
82418
82421
82419
82420
82401
82402
82403
82404
82409
82410
82405
82408
82406
82407
82391
82392
82393
82385
82390
82394
82386
82389
82387
82388
