19696 19697 19698 19699 19700 19701 19702 19703 19704 19705 19706 19707 19712 19713 19714 19715 19716 19717 19718 19719 19720 19721 19722 19723 19728 19729 19730 19731 19732 19733 19734 19735 19736 19737 19738 19739 19744 19745 19746 19747 19748 19749 19750 19751 19752 19753 19754 19755 19760 19761 19762 19763 19764 19765 19766 19767 19768 19769 19770 19771 19776 19777 19778 19779 19780 19781 19782 19783 19784 19785 19786 19787 19568 19569 19570 19571 19572 19573 19574 19575 19576 19577 19578 19579 19552 19553 19554 19555 19556 19557 19558 19559 19560 19561 19562 19563 19536 19537 19538 19539 19540 19541 19542 19543 19544 19545 19546 19547 19520 19521 19522 19523 19524 19525 19526 19527 19528 19529 19530 19531 19504 19505 19506 19507 19508 19509 19510 19511 19512 19513 19514 19515 19584 19585 19586 19587 19588 19589 19590 19591 19592 19593 19594 19595 
0 0.600000 0 6 0 0 4 3 0 19 11 0 3 0 5 0 0 0 18 22 2 16 7 0 0 0 2 3 3 0 0 0 0 0 0 0 0 0 2 1 2 0 0 0 5 0 0 1 0 1 3 0 1 0 7 2 0 0 0 0 0 1 0 0 0 0 1 1 0 0 1 1 0 0 0 0 0 0 0 0 1 1 0 5 0 0 1 0 2 0 0 0 2 0 0 0 0 0 0 8 2 2 0 0 5 23 0 0 0 2 0 4 14 0 0 0 5 4 1 0 0 0 0 4 0 0 1 0 3 0 1 0 0 0 2 0 0 0 4 2 0 2 5 2 0 0
1 0.700000 0 7 0 0 2 0 0 18 14 0 0 0 4 1 0 0 0 6 0 20 5 0 0 0 0 0 5 0 0 0 0 1 0 0 0 0 0 1 0 0 0 0 3 0 0 0 0 0 4 0 0 0 7 1 0 0 0 0 1 0 1 0 0 0 2 0 1 1 0 0 0 0 0 0 0 1 0 0 1 0 0 2 1 0 0 0 0 0 0 5 0 5 0 0 0 0 1 6 0 3 0 2 1 23 0 0 0 1 0 26 0 0 6 1 0 4 1 0 0 2 0 5 0 0 0 0 3 0 0 0 0 1 0 0 0 0 4 0 2 0 6 0 0 0
2 0.800000 1 5 0 2 5 4 2 21 15 0 0 0 1 2 0 4 35 25 21 17 5 0 0 0 0 0 6 0 0 0 0 1 0 0 1 0 4 0 0 0 0 0 3 0 1 0 0 1 3 0 1 0 7 2 0 0 0 0 1 0 0 0 0 1 0 0 0 0 1 1 0 1 0 0 0 1 0 0 0 0 0 0 0 0 1 0 1 0 0 1 0 6 0 1 1 0 4 2 0 0 0 4 3 0 0 0 0 0 0 22 0 0 0 4 3 1 3 0 0 0 0 1 0 1 1 0 2 0 0 0 0 0 3 0 0 0 3 0 3 3 7 0 0 0
3 0.900000 0 6 2 1 1 0 5 2 2 0 3 0 1 0 0 0 0 23 21 1 0 0 0 3 3 0 2 0 1 0 0 1 0 0 0 0 6 1 1 0 0 0 3 0 0 1 0 2 0 1 1 0 6 1 0 1 0 0 0 0 1 0 1 0 1 0 0 0 0 1 0 0 0 0 0 0 0 0 0 0 0 0 0 0 1 0 0 0 3 0 0 8 0 0 0 0 2 9 2 0 0 3 1 0 0 0 0 0 4 28 8 0 0 0 2 1 1 0 0 0 0 5 0 2 1 0 1 1 0 0 0 0 2 0 0 0 6 0 1 1 8 0 1 0
4 1.000000 0 0 0 2 4 4 0 3 13 0 0 0 3 0 0 0 29 19 2 5 6 0 0 1 0 3 2 0 0 0 1 1 0 1 0 0 4 1 0 0 0 0 4 0 0 1 0 2 5 0 0 0 1 2 0 0 0 0 0 0 0 0 0 0 0 0 0 1 0 1 0 0 0 2 0 0 0 0 0 0 0 0 0 0 0 0 0 1 0 2 0 2 0 2 0 0 3 0 1 3 0 3 0 13 6 0 0 0 0 0 1 0 6 3 2 2 5 0 0 0 0 4 0 1 1 0 3 0 0 0 0 0 6 1 1 0 3 0 4 1 7 1 0 0
5 1.100000 0 0 2 3 2 5 0 16 0 0 2 0 4 0 0 4 0 21 0 18 4 0 0 0 0 0 4 0 1 0 1 1 0 1 0 0 1 2 2 0 0 0 4 0 0 1 0 0 3 0 1 0 5 0 2 0 0 0 0 1 0 0 0 0 1 0 0 0 0 0 1 0 0 0 0 0 0 0 0 0 0 3 1 0 2 0 1 1 0 0 2 0 0 0 1 0 2 4 2 1 0 1 3 17 7 0 0 0 1 24 8 0 0 0 3 3 2 0 0 2 0 0 0 1 1 0 0 0 0 0 0 0 0 0 0 0 4 1 2 0 7 1 0 0
6 1.200000 0 3 4 0 1 4 2 5 15 0 0 0 1 1 0 0 0 20 19 4 5 0 0 0 0 4 2 0 1 0 0 1 0 0 1 0 3 1 1 1 0 0 5 0 1 1 0 0 4 0 1 0 4 0 1 0 0 0 0 0 0 0 0 1 1 0 0 1 0 1 0 0 0 2 0 0 0 0 0 0 1 3 0 0 2 0 1 1 0 1 0 7 0 0 2 1 3 6 5 1 1 2 4 0 0 0 2 3 0 10 10 0 5 3 4 3 1 0 0 1 0 0 0 1 1 0 3 0 1 1 0 2 1 0 0 0 3 2 2 0 9 1 0 0
7 1.300000 0 0 3 0 0 4 3 8 0 0 4 0 1 1 0 0 0 20 16 20 0 0 0 3 0 0 6 0 0 0 1 2 0 0 0 0 3 0 0 0 0 0 5 0 0 1 0 2 2 0 1 0 5 0 2 1 0 0 0 0 1 0 0 1 0 0 0 1 0 1 0 1 0 0 0 0 0 0 1 0 0 1 1 0 1 0 1 0 0 0 0 6 0 0 1 0 4 11 2 0 0 0 3 0 0 0 0 0 0 27 11 0 0 1 4 1 1 0 0 0 0 3 0 1 1 0 3 0 0 0 0 0 2 0 0 0 0 1 5 0 7 2 0 0
8 1.400000 1 7 0 3 5 5 0 2 0 0 0 0 0 1 0 0 31 25 21 9 0 0 0 0 3 0 5 0 0 0 2 1 0 0 0 0 5 0 0 1 0 0 3 0 0 2 0 1 2 0 1 0 7 2 0 0 0 0 1 0 0 0 0 0 2 1 0 0 1 1 1 0 1 0 1 0 1 0 0 0 1 2 0 0 1 0 1 0 0 2 1 0 0 1 1 0 2 6 4 0 0 3 5 12 2 0 0 0 0 8 5 0 0 4 3 2 4 0 0 0 0 2 0 0 1 0 2 1 0 0 0 2 1 0 1 0 4 0 1 0 9 1 0 0
9 1.501000 2 1 0 0 1 4 1 7 0 1 2 0 1 1 0 0 0 15 19 18 2 0 0 1 0 1 6 0 1 0 1 1 0 0 0 0 1 0 1 0 0 0 5 0 0 1 0 2 3 0 0 0 0 0 0 1 0 0 0 0 0 0 1 0 1 1 0 0 0 1 0 0 0 3 1 1 1 0 0 0 0 3 1 0 0 0 0 0 0 0 2 0 0 1 0 0 0 10 0 0 0 3 4 0 0 0 0 0 4 24 6 0 0 4 0 0 3 0 0 0 0 2 0 1 1 0 3 1 0 0 0 0 2 0 0 0 3 0 0 0 7 1 0 0
10 1.601000 0 1 4 0 1 0 0 20 12 0 0 0 0 0 0 2 0 9 0 2 7 0 0 0 0 0 5 0 0 0 1 1 0 0 0 0 0 0 2 0 0 0 5 0 0 1 0 1 2 0 0 1 0 1 0 0 0 0 0 0 0 0 1 1 1 0 0 1 0 0 0 1 0 1 0 0 0 0 1 0 0 3 1 0 2 0 2 0 0 0 3 0 0 0 2 0 0 3 2 0 0 2 1 1 8 0 0 0 0 26 2 0 4 1 0 2 0 0 0 0 0 3 0 2 2 0 3 0 0 0 0 0 5 0 0 0 3 0 2 0 7 1 0 0
11 1.701000 1 1 0 0 2 3 0 19 15 0 0 0 2 1 0 0 32 22 3 6 5 0 0 4 2 0 6 0 0 0 1 0 0 0 0 0 1 0 0 0 0 0 4 0 0 0 0 1 3 0 1 1 2 1 0 0 0 0 0 0 0 0 1 0 0 0 0 0 0 1 0 0 0 1 0 0 0 0 1 0 0 1 0 0 2 0 1 0 0 3 0 4 0 0 0 2 1 7 2 0 0 4 1 23 3 0 0 0 0 32 5 0 0 4 2 5 5 0 0 0 0 4 0 2 0 0 2 0 1 0 0 0 2 1 0 0 0 1 2 0 5 1 0 0
12 1.801000 0 5 0 1 3 1 0 18 6 0 4 0 1 0 0 0 30 12 2 20 6 0 0 3 0 0 5 0 0 0 0 1 0 0 0 0 1 1 1 0 0 0 5 0 0 1 0 1 0 0 0 0 0 3 0 1 0 0 0 1 1 0 0 1 2 1 0 0 1 1 0 0 1 1 0 0 2 0 1 0 0 1 1 0 1 0 2 0 0 0 0 0 0 1 1 0 2 1 2 0 0 4 0 13 6 0 1 0 0 16 0 0 3 5 0 2 5 0 0 0 0 3 0 1 1 0 2 0 1 0 0 0 3 0 0 0 3 1 3 2 8 0 0 0
13 1.901000 1 0 0 4 3 2 0 6 5 0 0 0 2 1 0 0 36 24 0 0 0 0 0 5 2 0 2 0 0 0 1 0 0 2 0 0 1 3 2 0 0 0 4 0 0 1 0 2 1 1 1 0 1 3 0 0 0 0 1 0 1 0 1 0 1 1 0 0 1 1 1 0 0 2 0 0 0 0 0 0 0 1 1 0 1 0 1 0 0 1 3 0 1 0 0 1 2 0 0 3 0 1 7 18 0 0 1 1 0 3 5 1 1 0 2 2 2 0 0 5 0 1 0 0 0 0 1 0 1 0 0 0 3 0 1 0 0 2 4 0 7 1 1 0
14 2.001000 0 0 0 1 5 3 2 20 0 0 4 0 2 0 0 2 35 1 3 17 0 0 0 0 1 0 5 0 0 0 1 1 0 0 0 0 0 0 0 0 0 1 5 0 0 2 0 1 1 1 1 1 2 0 0 1 0 0 0 0 0 0 0 1 2 0 0 1 1 1 0 0 0 0 0 0 1 0 1 0 0 1 0 0 0 0 1 0 0 0 1 0 0 0 1 0 0 12 0 0 0 3 7 0 0 0 0 3 1 27 9 0 0 4 4 1 1 0 0 3 0 5 0 2 1 0 1 0 1 0 0 2 3 0 1 0 4 1 3 0 7 0 1 0
15 2.101000 1 0 2 2 2 4 5 6 12 2 4 0 1 0 0 4 0 11 18 1 3 0 1 0 0 0 3 0 0 0 1 2 0 0 0 0 0 1 0 0 0 0 4 0 0 1 0 2 4 1 2 0 9 2 0 0 0 0 1 0 2 0 1 0 0 1 0 0 1 1 0 0 0 1 0 0 0 0 0 0 0 3 1 0 2 0 1 0 0 0 3 0 0 0 1 1 1 8 0 1 0 1 6 20 7 0 1 0 1 26 9 0 0 1 3 2 3 0 0 1 1 5 0 0 1 0 1 0 0 0 0 2 3 0 1 0 4 1 2 0 5 1 0 0
16 2.201000 0 6 5 0 1 0 3 21 0 0 1 0 0 2 0 0 2 1 21 14 0 0 0 3 0 0 7 0 0 0 0 2 0 2 0 0 0 1 2 0 0 0 4 0 0 1 0 0 3 0 1 1 1 2 0 0 0 0 0 0 0 0 1 1 2 0 0 1 1 1 0 1 0 2 0 0 0 0 0 0 0 3 1 0 0 0 1 0 0 5 0 1 1 0 1 0 0 14 0 2 0 2 0 25 0 0 0 1 0 29 5 0 5 0 2 5 3 0 0 5 0 0 0 0 0 0 1 0 0 0 0 2 1 1 0 0 0 0 3 0 8 2 0 0
17 2.301000 0 0 3 0 0 0 2 2 0 0 0 0 1 1 0 0 0 2 0 9 0 0 0 0 0 0 2 0 0 0 1 1 0 1 0 0 1 0 0 1 0 0 4 0 0 1 0 1 2 1 1 0 7 3 1 0 0 0 0 0 0 0 0 0 2 0 0 0 1 1 0 0 0 1 0 0 0 0 2 0 0 1 0 0 1 0 3 0 0 5 0 0 0 0 1 0 4 2 3 1 0 3 7 14 0 0 0 0 0 20 8 0 0 3 5 2 2 0 0 0 0 1 0 1 0 0 1 0 0 1 0 1 2 0 0 1 3 0 3 0 7 1 0 0
18 2.402000 0 0 0 3 5 1 0 17 0 0 1 0 0 0 0 4 31 5 3 20 2 0 0 0 3 6 1 1 0 0 0 1 0 1 0 3 0 2 2 0 0 0 3 0 0 0 0 0 3 1 1 0 1 2 0 1 0 0 1 0 1 0 0 1 1 1 0 0 1 1 0 0 0 1 0 0 0 0 0 0 0 1 0 0 0 0 1 0 0 2 3 0 0 0 0 1 0 10 5 0 0 2 3 18 9 0 0 0 0 26 13 0 0 0 1 5 6 0 0 0 1 5 0 2 0 0 3 0 1 0 0 0 2 0 0 0 1 0 2 0 7 0 0 0
19 2.502000 1 5 1 0 4 5 0 18 12 0 0 0 2 1 0 0 20 22 0 12 7 0 0 3 0 0 5 0 0 0 0 1 0 0 1 0 6 0 0 0 0 0 4 0 0 1 0 1 1 0 1 0 1 2 0 0 0 0 0 0 1 0 1 0 1 1 1 1 1 1 0 0 0 2 0 0 0 0 1 0 0 3 1 0 1 0 1 0 0 2 0 3 0 0 1 0 1 0 3 0 0 3 2 0 0 0 0 0 0 3 0 0 5 3 2 2 0 0 0 0 0 5 0 0 1 0 3 0 0 1 0 2 0 1 0 0 2 0 4 2 11 2 1 0
20 2.602000 0 0 0 2 1 4 1 11 13 0 3 0 4 1 0 4 6 12 15 2 6 0 1 3 0 0 4 0 0 0 1 1 0 1 1 2 1 0 0 0 0 0 3 0 0 1 0 2 3 1 1 1 1 2 0 0 0 1 1 1 1 0 1 1 1 0 1 1 1 1 0 1 0 2 0 0 0 0 1 0 0 3 1 0 1 0 2 0 2 3 0 2 0 0 2 1 0 7 5 0 0 3 2 0 0 0 1 2 0 29 10 0 1 4 2 2 1 0 0 2 0 0 0 0 1 0 3 0 1 0 0 0 4 1 0 0 2 0 2 0 7 2 1 0
21 2.702000 1 0 0 3 4 2 0 18 9 0 3 0 4 0 0 0 27 1 2 19 7 0 0 1 2 0 6 0 0 0 1 1 0 1 0 3 0 2 2 1 0 0 5 0 0 2 0 1 2 0 1 0 0 1 0 0 0 0 0 0 0 0 0 0 2 1 0 1 0 1 1 0 0 2 0 0 2 0 1 0 0 2 1 0 0 0 3 0 0 5 0 10 0 1 2 1 2 2 0 0 0 1 0 0 0 0 0 5 0 18 2 0 0 0 2 2 0 0 0 4 0 4 0 2 1 0 1 1 0 0 0 0 0 1 0 0 2 0 5 1 8 1 1 0
22 2.802000 0 7 0 4 2 1 4 20 0 2 2 0 0 2 0 2 22 5 13 17 2 0 0 1 2 0 5 0 1 1 1 1 0 0 0 0 4 2 1 1 1 0 6 0 1 2 0 1 2 1 1 0 1 3 0 0 0 0 1 1 1 0 1 1 2 1 0 0 1 0 1 0 0 1 0 0 1 0 1 0 0 2 0 0 1 0 1 0 2 0 0 2 0 0 1 0 1 9 4 3 0 4 3 0 0 0 0 0 0 23 14 0 0 0 2 1 2 0 0 0 0 0 0 0 1 0 1 0 0 0 0 0 2 1 1 0 4 1 5 0 7 1 0 0
23 2.902000 3 2 0 3 2 0 3 4 11 0 0 0 1 1 0 3 5 1 16 3 4 0 0 4 0 0 4 0 1 0 2 1 0 0 0 0 1 1 0 2 0 0 3 0 0 2 0 2 1 2 0 0 3 1 1 2 0 0 0 0 0 0 0 1 0 0 1 2 0 1 1 0 0 2 1 0 1 0 1 0 0 1 1 0 2 0 2 0 0 6 2 0 0 1 1 0 4 2 3 0 0 2 4 14 3 0 0 0 0 18 6 0 0 1 5 4 2 0 0 0 0 4 0 2 1 0 3 1 2 1 0 0 0 1 1 0 1 0 5 0 8 1 0 0
24 3.002000 0 0 0 2 4 4 2 8 9 0 0 0 2 1 0 0 24 25 0 0 8 0 0 0 0 0 8 0 0 0 2 0 0 0 0 0 0 1 2 1 0 0 4 0 0 2 0 0 2 1 1 0 10 2 1 0 0 0 0 0 2 0 1 1 2 1 0 2 1 2 0 1 0 3 0 0 0 0 1 0 0 2 1 0 2 0 1 1 0 0 3 0 1 0 2 0 1 12 2 2 0 3 3 0 0 0 0 0 0 24 17 0 3 3 2 0 3 0 0 0 1 1 0 1 2 0 3 1 1 1 0 0 0 1 1 0 2 0 3 0 7 1 1 0
25 3.102000 0 3 2 1 2 4 5 2 0 2 3 0 0 1 0 0 0 13 17 6 3 0 0 0 3 0 4 0 0 0 1 0 0 0 0 0 0 2 0 0 0 0 3 0 0 1 1 0 5 2 2 0 7 3 0 1 0 0 0 1 0 1 1 0 2 1 1 1 1 1 1 1 0 0 0 0 0 0 1 0 0 1 1 0 0 0 2 0 0 0 3 1 0 0 1 1 3 9 2 0 0 4 6 18 7 0 1 3 0 11 9 0 5 5 5 4 4 0 0 0 0 3 0 2 2 0 0 1 0 1 0 0 1 0 0 0 4 0 6 2 8 1 1 0
26 3.202000 0 1 3 1 1 4 1 11 0 0 2 0 1 0 0 0 1 6 21 19 1 0 0 2 0 0 6 0 0 0 0 1 0 0 0 0 0 0 1 1 0 0 5 0 0 1 0 2 1 1 0 0 6 3 0 1 0 0 0 0 1 0 1 1 1 1 0 1 0 0 0 1 1 0 0 0 0 0 1 0 0 4 1 0 0 0 2 0 0 0 0 6 0 0 1 0 4 1 0 0 0 1 1 0 0 0 0 0 0 4 3 0 0 0 2 0 2 0 0 0 0 4 0 3 1 0 4 2 0 0 0 1 2 0 0 0 0 1 2 0 8 2 0 0
27 3.302000 4 0 0 0 4 3 0 0 12 0 0 0 2 1 0 0 0 22 13 7 8 0 0 5 1 0 6 0 1 0 0 2 0 1 0 0 3 0 1 1 0 0 5 0 0 1 0 0 0 1 1 2 1 1 0 1 0 0 1 2 0 0 1 1 1 0 1 1 0 1 1 1 2 2 1 0 0 0 1 0 0 2 1 0 0 0 2 0 1 5 0 7 0 1 0 0 3 10 6 1 0 3 0 0 0 0 1 1 2 25 15 0 0 1 4 2 2 0 0 0 0 5 0 3 0 0 3 0 2 1 0 1 5 1 1 0 3 1 5 1 7 1 0 0
28 3.402000 4 0 3 3 5 3 3 17 0 0 0 0 1 0 0 4 35 2 8 18 2 0 0 3 1 0 4 0 0 0 3 2 0 0 1 0 2 1 1 0 0 0 5 0 0 1 0 2 0 0 1 3 3 1 0 0 0 1 1 0 1 0 1 1 2 0 0 0 1 2 0 0 0 1 0 0 1 0 2 0 0 2 1 0 3 0 1 0 0 3 0 0 1 0 1 2 4 0 3 0 0 1 0 0 0 0 0 0 2 16 7 0 0 1 1 0 3 0 0 0 0 3 0 0 1 0 2 0 1 1 0 3 1 0 0 0 3 2 5 0 8 1 1 0
29 3.503000 1 7 0 0 0 4 4 3 0 0 3 0 4 0 0 0 0 22 16 11 2 0 0 0 2 3 0 1 0 0 1 2 0 0 0 0 2 2 1 0 1 0 4 0 1 1 0 2 2 0 0 0 1 1 1 1 0 0 0 0 0 0 0 1 0 0 0 1 1 1 1 1 0 1 0 0 0 0 1 0 0 3 2 0 1 0 1 1 0 2 0 0 1 1 0 1 1 5 1 1 2 2 2 1 0 0 0 0 0 5 8 0 0 1 2 2 3 0 0 0 0 5 0 2 2 0 1 1 1 1 0 0 0 0 0 0 2 0 3 0 8 1 1 0
30 3.603000 0 6 0 0 4 4 0 12 14 0 0 0 1 1 1 0 5 20 0 3 6 0 0 2 1 0 4 0 0 0 0 1 0 0 1 0 3 1 2 1 1 0 4 0 1 2 0 0 1 1 0 0 0 2 0 0 0 1 0 3 1 0 1 1 1 0 0 0 1 2 0 1 1 2 1 1 0 0 1 0 0 2 0 0 1 0 1 0 3 1 0 4 0 1 1 1 1 2 0 1 0 3 4 1 0 0 0 0 3 0 0 0 0 2 5 2 0 0 0 0 0 3 0 0 1 0 3 0 1 0 0 0 4 1 1 0 1 2 1 0 7 1 0 0
31 3.703000 0 0 0 3 1 2 1 13 2 0 0 0 2 0 0 3 0 2 21 20 1 0 1 0 3 2 5 0 0 0 2 1 0 0 1 0 2 2 1 1 0 1 4 0 0 1 0 2 0 0 1 0 8 3 0 1 0 0 1 0 0 1 1 1 1 1 0 1 0 2 1 1 0 0 0 0 0 0 1 0 2 3 1 0 0 0 1 0 0 4 2 0 0 0 1 1 0 4 5 1 0 2 5 19 5 0 1 4 2 7 7 0 0 2 4 5 2 0 0 3 0 5 0 2 1 0 2 0 1 0 0 1 1 0 1 1 0 0 2 0 8 2 0 0
32 3.803000 0 0 0 0 3 2 2 2 0 0 5 0 2 0 0 0 29 20 0 9 0 2 0 4 1 5 4 0 0 0 1 2 0 0 1 0 1 0 1 0 0 0 4 0 0 1 0 2 3 0 1 1 4 0 0 0 0 0 1 0 0 0 1 1 1 1 0 1 0 1 0 0 0 0 1 0 3 0 1 0 0 3 2 0 0 0 2 0 0 0 0 6 0 1 2 1 0 11 2 2 0 4 3 5 0 0 0 0 0 18 13 0 4 4 3 3 2 0 0 0 0 2 0 1 0 0 4 1 1 1 0 2 2 0 1 1 3 0 5 2 7 0 1 0
33 3.903000 1 6 2 3 6 2 0 20 13 2 0 0 2 0 0 5 32 19 4 6 5 1 0 0 2 0 5 0 0 0 0 2 0 0 1 0 3 2 1 1 0 0 5 0 0 2 0 0 2 1 1 0 5 2 1 1 0 0 1 0 1 0 1 0 1 1 0 0 0 2 1 1 0 2 1 0 0 0 1 0 1 3 0 0 1 0 1 0 0 0 2 1 0 1 0 1 2 11 3 2 0 3 5 15 3 0 0 2 0 26 14 0 4 3 3 4 4 0 0 0 0 4 0 1 1 0 1 1 0 0 0 0 3 1 1 0 1 2 3 0 8 1 0 0
34 4.003000 0 6 0 2 1 3 2 2 8 0 1 0 2 0 0 0 0 24 19 3 8 0 0 0 0 0 1 0 0 0 0 2 0 0 0 0 1 1 2 2 1 0 3 0 0 1 0 3 2 1 0 0 2 1 0 1 0 0 0 0 0 0 1 1 1 1 0 1 1 2 1 1 0 1 0 0 0 0 1 0 0 3 1 0 2 0 0 1 1 4 0 0 1 0 0 0 0 5 0 2 0 4 7 13 2 0 0 0 0 5 3 0 3 3 7 4 2 0 0 0 0 4 0 1 1 0 1 1 1 0 0 2 1 0 0 0 3 1 4 0 3 1 2 0
35 4.103000 7 7 0 1 2 3 6 0 0 0 0 1 3 0 0 0 0 24 20 11 0 0 0 2 0 1 5 0 0 1 0 2 0 3 0 0 2 1 1 0 0 0 4 0 0 2 0 1 2 0 0 0 5 1 1 0 0 0 0 0 0 1 1 1 2 1 1 1 1 2 0 2 0 2 0 0 0 0 2 0 0 3 2 0 1 0 1 0 2 3 0 0 2 2 0 0 3 6 6 0 0 1 2 0 0 0 0 0 0 26 11 0 0 0 2 2 3 0 0 0 1 0 0 1 0 0 4 0 0 0 0 0 3 1 0 0 3 0 1 0 8 1 1 0
36 4.203000 0 0 0 4 2 2 0 17 8 0 0 0 0 0 0 0 30 12 0 20 8 0 0 3 2 1 3 0 0 0 1 1 0 1 0 0 0 0 1 0 0 0 4 0 0 2 1 2 2 1 1 1 2 2 0 0 0 1 1 1 0 0 1 1 2 0 1 1 1 2 0 1 0 2 0 0 0 0 1 0 0 2 1 0 1 0 0 1 2 3 0 2 1 0 2 0 0 10 6 1 0 4 6 7 0 0 0 0 0 25 15 0 0 3 3 4 2 0 0 0 0 0 0 2 0 0 3 1 1 1 0 0 3 0 2 0 3 0 3 0 3 1 0 0
37 4.303000 0 6 0 1 4 1 3 5 0 1 5 0 3 0 0 0 30 5 19 4 0 2 0 0 2 0 5 0 2 0 1 1 0 0 1 0 0 1 0 2 0 0 5 0 0 1 0 0 1 0 1 1 1 4 0 0 1 0 1 1 1 0 1 1 1 1 0 1 1 1 0 1 0 0 0 0 1 0 0 0 2 2 1 0 1 0 2 1 0 4 0 1 0 2 2 0 1 0 1 1 0 1 4 20 8 0 2 3 0 5 3 0 0 1 5 4 5 0 0 1 0 4 0 2 1 0 1 1 1 0 0 0 6 1 1 0 5 1 0 0 9 1 0 0
38 4.403000 0 2 0 0 3 2 0 16 15 0 0 0 0 1 0 0 33 18 2 20 8 0 0 2 1 0 5 1 0 0 1 1 0 0 0 0 3 1 2 0 0 0 4 1 0 2 0 0 2 2 1 2 4 1 0 0 0 0 0 0 1 0 0 1 3 0 0 1 1 1 1 1 0 1 0 0 1 0 1 0 0 3 1 0 1 0 3 0 0 3 0 6 0 1 1 0 3 0 3 0 0 2 5 0 0 0 0 0 0 0 3 1 0 3 6 1 0 0 0 0 0 2 0 0 1 0 3 0 0 1 0 3 1 0 1 0 0 2 2 0 8 2 0 0
39 4.504000 4 0 3 4 3 3 3 2 0 0 5 0 2 0 1 4 0 3 17 14 2 1 0 0 3 0 5 0 0 0 2 2 0 1 0 0 0 0 3 0 1 3 6 0 1 1 0 2 3 2 1 0 8 0 0 0 0 0 0 1 0 1 0 1 1 1 0 1 1 2 0 2 0 2 0 0 1 0 1 0 0 2 1 0 2 0 2 0 0 3 0 8 2 0 1 1 1 9 4 0 0 1 5 20 7 0 0 0 0 31 13 0 0 1 3 4 4 0 0 0 0 5 0 1 1 0 1 0 1 0 0 0 0 0 0 0 3 1 5 1 7 0 0 0
40 4.604000 0 0 3 4 3 2 0 14 14 0 0 0 1 0 0 3 28 2 0 20 4 0 0 0 2 0 6 0 0 0 1 1 0 0 1 3 1 0 2 1 0 0 0 0 1 2 1 1 1 0 1 0 2 0 1 1 1 0 1 0 0 0 2 1 2 1 1 1 1 0 1 1 0 1 1 0 0 0 1 0 2 1 1 0 0 1 2 0 1 0 3 0 0 1 1 1 2 0 1 1 0 1 2 3 0 0 1 5 0 0 3 0 0 0 1 3 2 0 0 3 0 5 0 0 1 0 2 0 1 1 0 0 4 1 0 0 4 0 2 0 8 0 1 0
41 4.704000 0 6 0 4 5 3 0 16 13 0 0 0 2 4 0 2 21 22 3 3 5 0 0 3 2 0 5 0 1 0 1 1 0 1 1 0 0 0 2 3 1 0 5 0 0 1 0 2 2 1 2 0 6 2 1 1 0 0 0 0 0 0 1 1 2 0 0 1 1 2 0 1 0 2 1 1 0 0 0 0 0 3 2 0 0 0 2 0 0 5 0 4 0 2 0 0 2 7 5 0 0 3 7 22 1 0 0 0 0 15 10 0 0 2 4 3 1 0 0 0 0 5 0 2 1 0 2 1 1 0 0 1 3 0 0 0 2 0 3 1 8 2 2 0
42 4.804000 3 2 0 0 5 5 0 2 13 2 0 0 4 1 0 0 25 21 0 1 8 0 0 0 3 0 5 0 0 1 2 2 0 1 1 1 2 1 2 0 0 0 3 0 0 0 0 2 3 0 1 0 6 2 0 0 0 0 1 1 0 1 1 1 0 1 0 1 1 2 1 1 1 2 0 0 0 0 1 0 0 2 1 0 0 2 1 0 0 3 0 6 1 2 0 2 3 6 0 2 0 3 5 21 6 0 0 0 0 27 6 0 0 2 7 1 6 0 0 0 0 2 0 2 1 0 4 1 1 1 0 0 0 0 0 0 3 2 6 0 8 2 0 0
43 4.904000 2 6 0 1 2 1 0 4 14 0 0 0 4 0 0 0 0 24 17 4 4 0 0 4 1 0 6 0 0 0 1 1 0 0 1 0 0 0 0 0 0 0 4 0 0 0 0 2 5 0 0 0 0 2 0 1 1 0 0 1 1 1 0 1 1 1 0 1 1 2 0 2 0 2 1 0 0 0 1 0 1 4 1 0 0 0 3 0 0 1 0 3 0 2 1 0 1 0 2 0 0 2 6 18 6 0 1 0 0 5 7 0 0 2 5 2 6 0 0 1 0 5 0 1 1 0 3 0 0 1 0 0 0 1 1 1 2 2 1 0 7 2 1 0
44 5.004000 3 0 4 3 4 6 5 21 16 1 4 2 2 0 2 3 21 25 20 11 3 0 0 5 0 2 5 0 1 0 1 0 0 2 0 0 0 1 2 0 0 0 6 0 1 3 0 2 2 0 1 0 1 1 0 0 0 0 1 2 0 0 1 1 2 1 0 0 1 1 1 2 0 2 1 1 0 0 0 0 0 3 1 0 1 0 1 0 3 2 0 7 0 1 2 0 2 8 5 0 0 2 1 0 0 0 0 4 0 23 14 1 7 2 4 2 1 0 0 1 0 5 0 0 0 0 0 0 0 0 0 0 1 0 0 1 3 0 2 0 8 1 0 0
45 5.104000 3 7 0 0 1 4 4 2 0 0 4 0 4 0 0 0 0 16 15 10 2 0 0 0 2 0 6 0 0 0 2 1 0 2 0 0 0 1 2 0 0 0 2 0 0 1 0 2 2 1 1 1 2 0 0 1 1 0 1 0 0 0 1 0 2 0 0 1 1 2 0 1 1 2 0 0 0 0 0 0 0 2 1 0 1 0 2 0 0 0 0 7 0 1 0 2 3 7 7 0 1 1 2 0 0 0 0 0 0 28 14 0 0 1 0 2 2 0 0 0 0 4 0 3 1 0 3 0 1 1 0 3 4 1 0 0 1 0 3 2 7 2 0 0
46 5.204000 1 3 0 3 5 0 2 20 0 0 3 0 5 1 0 0 28 5 2 15 1 0 0 0 0 3 3 0 0 0 1 2 0 0 0 0 4 2 1 0 0 0 3 0 0 1 0 2 4 1 1 1 5 1 1 0 0 0 1 0 1 0 1 1 0 1 0 1 0 1 1 1 0 0 1 1 0 0 1 2 0 1 1 0 0 0 3 0 0 0 2 0 1 1 2 0 4 1 1 0 0 1 4 11 4 0 2 0 0 10 4 0 0 1 6 4 4 0 0 3 0 1 0 1 0 0 3 0 2 0 0 1 3 0 0 1 1 0 3 4 8 1 0 0
47 5.304000 2 6 1 1 2 1 2 19 0 0 0 0 1 2 0 5 0 3 21 17 1 0 0 0 0 0 5 0 0 0 2 1 0 0 0 0 0 2 0 0 0 0 4 0 0 2 0 0 5 1 1 2 6 1 1 1 0 0 1 0 0 1 0 1 1 0 0 1 1 1 1 1 0 1 1 0 0 0 1 0 0 3 1 0 1 0 1 0 0 0 2 0 2 2 0 1 0 10 6 0 0 4 2 0 5 0 1 0 1 20 14 1 3 3 2 1 4 0 0 0 0 2 0 3 1 0 2 1 0 0 0 0 0 0 1 0 4 2 5 0 7 1 1 0
48 5.404000 4 7 0 0 2 0 0 19 16 4 0 0 3 0 0 0 6 1 0 0 9 0 0 0 0 0 7 0 0 0 1 2 0 1 1 1 0 2 1 1 0 0 3 0 0 2 0 2 4 1 1 0 8 0 0 0 0 0 1 1 0 0 1 0 1 1 0 0 1 2 0 1 0 3 1 0 1 0 1 0 1 1 1 0 2 1 2 0 0 3 0 5 0 1 2 1 1 9 6 0 0 3 5 7 3 0 2 0 0 22 13 0 2 1 6 2 3 0 0 0 0 6 0 1 1 0 0 1 2 1 0 3 4 0 0 0 1 0 4 0 8 2 0 0
49 5.504000 4 7 0 1 2 4 5 21 5 1 4 0 5 0 0 0 0 3 9 19 7 0 0 4 0 0 5 0 0 0 2 2 0 1 1 1 4 0 2 0 0 0 5 0 0 2 1 2 0 0 2 0 0 1 1 1 0 0 1 1 1 0 1 1 2 1 1 2 1 2 1 1 0 1 1 1 2 0 1 0 0 1 0 0 1 1 2 0 0 1 2 0 2 2 1 2 2 6 2 4 0 5 5 0 0 0 0 0 0 6 11 0 4 4 4 0 2 0 0 0 0 4 0 2 1 0 0 1 0 1 0 0 4 0 0 0 3 2 5 0 6 1 0 0
50 5.604000 2 3 0 1 0 2 2 19 0 0 0 0 2 1 0 0 27 6 0 17 2 1 0 3 2 0 4 0 0 0 2 2 0 0 1 0 0 3 2 0 0 0 6 0 1 0 0 1 3 1 1 0 7 1 0 2 0 0 0 1 0 1 1 1 1 1 0 1 0 2 1 2 0 2 0 0 0 0 1 0 0 1 2 0 2 0 2 0 0 3 0 6 0 2 0 1 2 10 6 0 0 3 4 0 0 0 0 4 0 27 15 0 4 4 5 1 1 0 0 0 0 4 0 3 0 0 3 1 1 0 0 0 4 0 0 0 7 0 3 0 8 1 1 0
51 5.705000 5 0 3 2 1 0 4 4 0 2 4 0 5 0 0 4 1 2 16 5 1 1 0 0 0 0 4 0 0 0 1 2 0 0 1 0 0 2 2 0 0 0 4 0 0 3 1 2 0 1 1 0 6 2 1 1 0 0 1 1 0 1 1 1 1 1 0 1 1 2 1 1 0 0 1 0 0 0 0 0 0 4 1 0 1 0 2 0 0 0 1 0 0 2 1 2 3 10 1 0 0 4 5 22 7 0 0 0 0 31 7 0 0 3 5 4 7 0 0 0 0 5 0 2 1 0 2 0 1 0 0 0 2 0 1 1 5 0 0 0 7 2 1 0
52 5.805000 4 0 0 0 2 3 1 8 0 0 5 0 4 1 0 0 0 25 19 0 2 0 0 0 2 0 7 0 0 0 1 1 0 2 1 0 0 0 2 0 0 0 4 0 0 2 0 2 0 0 0 1 4 1 1 0 0 0 0 0 0 0 0 0 2 1 1 1 1 1 1 2 0 3 0 0 0 0 1 0 1 3 1 0 2 0 3 0 0 0 0 2 0 2 0 2 2 11 5 0 0 4 6 15 0 0 0 0 2 20 14 0 0 3 6 5 2 0 0 0 0 0 0 1 1 0 2 0 1 0 0 2 0 1 0 0 1 0 4 1 8 0 0 0
53 5.905000 3 0 3 3 1 5 3 2 13 0 2 0 2 0 0 4 0 18 19 5 7 0 0 3 7 0 5 0 0 1 1 2 0 1 0 0 4 1 2 2 0 0 6 1 0 2 0 2 0 0 1 1 3 1 1 0 0 0 1 2 1 0 1 1 3 0 0 1 0 1 1 1 0 3 1 2 0 0 1 0 2 1 1 0 1 1 2 0 0 2 0 10 0 2 1 1 2 10 4 2 0 1 1 4 1 0 2 0 0 28 11 0 0 1 0 3 2 0 1 0 0 4 0 1 0 0 3 0 1 0 0 0 0 1 0 0 2 0 5 1 7 0 0 0
54 6.005000 0 2 0 4 3 3 3 4 12 0 2 0 1 0 0 0 15 11 19 4 7 0 0 2 2 4 2 0 0 0 1 2 0 1 1 0 0 1 3 0 0 0 5 0 1 2 0 3 0 2 1 0 9 2 0 0 0 0 0 0 0 1 1 1 2 0 0 1 0 2 1 0 0 1 1 1 1 0 1 0 0 2 1 0 2 0 2 0 0 2 4 0 0 2 1 0 1 6 5 1 0 1 4 18 8 0 0 0 0 4 14 0 0 0 4 5 3 0 0 0 0 5 0 2 0 0 2 2 1 2 0 0 1 1 0 0 4 0 5 1 7 2 0 0
55 6.105000 1 0 2 3 1 4 5 5 15 0 0 0 3 0 0 4 0 11 13 2 6 0 0 2 2 0 3 0 0 0 0 1 0 1 1 0 4 0 0 1 0 0 6 0 0 2 1 2 2 2 1 0 3 1 0 1 0 0 1 0 1 0 1 1 1 1 1 0 1 2 0 1 0 1 0 0 1 0 1 0 0 2 1 0 1 1 1 0 0 0 2 0 0 1 0 1 1 10 3 0 0 2 5 20 8 0 0 0 4 28 10 0 0 0 5 4 7 0 0 0 0 4 0 1 1 0 3 0 1 1 0 0 5 1 0 0 3 1 5 1 7 0 1 0
56 6.205000 0 0 0 3 6 4 4 20 0 0 2 0 2 0 0 3 30 1 11 15 0 0 0 0 2 0 4 0 0 0 2 2 0 2 0 2 1 2 2 1 0 0 5 0 0 1 0 0 2 2 0 0 3 1 0 1 0 0 1 1 1 0 1 1 2 1 0 0 1 1 0 1 0 1 0 1 1 0 0 0 2 3 0 0 3 0 1 0 0 0 3 0 2 1 1 1 2 2 0 0 0 1 4 0 0 0 0 5 0 0 0 0 0 1 0 2 4 0 0 3 0 5 0 1 1 0 2 0 1 0 0 1 2 1 0 1 4 1 3 0 9 0 0 0
57 6.305000 0 0 0 4 3 1 4 21 0 0 3 0 2 0 0 0 28 3 4 18 0 0 0 2 3 0 4 1 1 0 2 1 0 0 1 0 3 1 2 0 0 0 3 0 1 1 0 3 0 1 1 0 1 2 0 1 1 0 0 2 2 1 1 1 1 1 0 1 1 2 1 1 0 1 1 0 0 0 0 0 2 0 1 0 2 0 3 1 0 1 0 9 0 1 0 1 3 9 6 2 0 1 2 0 0 0 1 6 0 22 14 0 0 1 3 2 0 0 0 1 0 4 0 2 1 0 2 0 1 1 0 1 2 0 0 0 2 2 3 0 8 1 1 0
58 6.405000 0 0 1 3 5 2 0 14 11 0 0 0 0 0 0 5 33 1 7 0 7 0 0 0 2 6 4 0 0 0 2 2 0 2 1 0 2 0 0 2 0 0 5 0 0 1 0 1 6 1 1 0 10 2 0 1 0 0 1 0 1 0 1 1 2 0 0 1 1 2 1 2 0 0 1 1 0 0 0 0 0 2 2 0 1 0 1 0 0 4 0 6 1 2 1 3 2 13 0 3 0 1 4 22 5 0 0 0 0 21 15 0 0 2 4 5 5 0 0 0 0 5 0 0 1 0 3 1 1 1 0 0 0 0 0 0 5 0 4 4 6 2 1 0
59 6.505000 0 0 0 0 3 2 3 19 0 0 3 0 1 2 0 0 0 8 0 15 3 0 0 1 3 0 5 0 0 0 2 1 0 0 0 0 0 1 0 1 1 0 6 0 0 0 0 2 3 2 1 0 3 2 0 1 0 0 0 1 2 0 1 1 2 1 0 1 1 2 1 0 0 3 1 1 1 0 1 0 0 2 1 0 1 1 1 0 0 1 2 1 1 0 0 1 1 10 0 1 0 4 5 22 8 0 0 0 0 30 2 0 0 2 4 4 6 0 0 0 0 3 0 1 1 0 3 0 1 1 0 0 5 0 0 0 6 0 2 0 6 2 1 0
60 6.605000 1 0 4 4 3 4 5 3 0 0 5 0 4 0 0 3 0 15 18 9 4 0 0 0 2 0 5 0 0 0 1 2 0 2 0 0 0 1 2 1 0 0 5 0 0 2 0 1 0 0 0 1 5 1 0 1 0 0 0 0 1 0 1 1 1 0 1 1 1 2 1 0 1 1 1 0 0 0 1 0 0 5 0 0 2 0 2 1 0 2 0 0 3 0 0 0 3 10 5 1 0 3 4 0 0 0 0 0 0 25 13 0 0 0 2 0 0 0 0 0 0 4 0 2 1 0 2 0 0 1 0 0 4 0 1 0 4 1 2 2 7 2 0 0
61 6.705000 4 0 4 1 5 1 3 7 0 1 0 0 3 0 0 0 29 4 17 16 1 0 0 0 3 1 3 0 1 0 2 1 0 0 0 0 0 1 1 0 0 0 6 0 0 1 0 1 3 2 2 0 1 3 0 1 0 0 0 0 2 1 1 1 2 1 0 1 2 2 1 0 0 1 1 0 3 0 0 0 1 2 0 0 2 0 3 0 0 1 0 9 0 2 0 2 4 1 3 0 0 2 2 0 0 0 0 0 0 17 4 0 0 1 3 1 2 0 0 0 0 1 0 2 0 0 3 1 2 0 0 3 0 0 1 0 5 0 0 0 8 2 0 0
62 6.806000 6 0 3 2 3 3 1 16 8 0 3 0 4 0 0 3 0 22 0 3 7 0 0 0 0 2 7 1 1 0 1 2 0 0 1 4 6 1 3 1 0 0 5 0 1 2 1 2 4 1 1 0 3 2 0 1 0 0 0 0 1 1 1 1 2 0 0 1 0 1 1 0 0 2 0 0 0 0 1 0 0 2 2 0 1 0 3 0 0 0 1 1 0 1 0 1 2 3 1 0 0 1 4 24 4 0 0 0 0 23 6 0 0 0 4 4 7 0 0 0 0 4 0 1 0 0 2 0 1 0 0 3 2 1 0 0 3 1 5 1 7 2 0 0
63 6.906000 0 3 5 0 4 0 4 22 0 0 0 0 2 0 1 0 0 0 19 13 7 0 0 0 4 0 2 0 3 0 1 2 0 0 1 0 6 0 2 1 0 0 4 0 1 1 0 2 5 1 1 0 3 0 0 2 0 0 0 0 0 0 1 1 2 1 1 0 1 2 1 2 0 0 1 1 0 0 1 1 0 1 1 0 1 0 2 2 0 0 1 0 0 0 2 1 0 8 0 0 0 3 8 23 5 0 0 0 0 26 5 0 0 2 3 5 4 0 0 0 0 0 0 2 1 0 4 1 1 1 0 0 0 0 1 0 1 0 1 3 9 0 1 0
64 7.006000 2 0 2 1 2 3 0 9 9 0 5 1 4 0 0 1 0 24 8 2 6 0 0 2 2 0 6 0 1 0 2 2 0 0 0 0 6 2 2 1 0 1 5 1 1 2 0 0 1 0 1 0 4 1 1 1 1 0 1 1 1 1 1 1 2 0 0 1 1 1 0 1 0 2 1 0 2 0 1 0 0 1 1 0 1 0 2 2 0 0 4 0 1 0 1 0 2 10 0 0 0 2 2 0 0 0 0 0 0 31 9 0 0 0 3 1 2 0 0 0 0 4 0 0 1 0 2 1 0 1 0 2 2 0 1 0 3 0 5 0 7 2 1 0
65 7.106000 0 4 0 0 4 5 0 19 12 0 0 0 2 0 0 0 10 22 2 18 7 0 0 0 0 1 5 1 0 0 2 2 0 0 1 0 2 1 2 0 0 0 4 1 0 0 0 2 4 2 1 0 3 1 1 0 0 0 0 1 2 0 1 1 2 1 1 1 1 1 1 2 0 0 1 1 1 0 1 0 1 2 2 0 1 0 3 0 0 1 0 6 0 2 1 0 2 0 5 0 0 5 6 13 0 0 0 0 0 0 5 0 2 3 5 3 2 0 0 0 0 6 0 2 0 0 1 2 0 1 0 4 1 1 1 0 3 0 3 0 8 1 1 0
66 7.206000 0 7 5 1 4 3 0 19 9 1 5 0 1 0 1 5 36 0 0 4 8 0 0 0 2 0 3 0 1 0 1 1 0 1 2 3 0 1 0 0 0 0 4 0 1 2 0 0 3 0 1 0 5 2 0 1 2 0 1 0 1 1 1 0 1 1 1 1 1 2 1 1 0 1 1 0 0 0 2 2 0 3 1 0 1 0 1 0 0 0 1 0 0 1 1 1 0 7 4 3 0 1 7 13 0 0 0 0 2 8 9 0 5 4 2 4 3 0 0 0 0 0 0 2 1 0 2 1 1 0 0 2 0 2 1 0 0 0 4 1 8 2 0 0
67 7.306000 2 0 0 2 1 4 2 13 0 0 3 0 2 1 0 0 0 1 20 20 1 0 1 2 2 0 4 0 0 0 1 1 0 2 1 1 2 3 3 0 0 0 4 0 1 2 0 3 4 2 1 1 1 1 0 0 0 0 1 1 0 0 1 2 2 1 0 1 1 2 1 2 1 1 0 0 0 0 0 0 0 3 1 0 2 0 2 1 0 0 3 0 0 1 2 1 0 7 1 2 0 2 8 10 3 0 0 0 0 0 9 0 3 3 5 3 4 0 0 0 0 3 0 0 1 0 3 1 1 0 0 1 0 0 1 0 4 0 3 0 7 2 1 0
68 7.406000 1 5 1 0 3 2 1 6 0 0 4 0 3 0 0 0 0 24 19 3 1 1 1 0 3 0 7 0 1 0 1 1 0 1 0 0 6 0 0 2 1 0 5 0 0 1 1 3 3 1 1 0 9 2 0 0 0 0 1 0 3 0 1 1 2 1 0 1 1 2 1 2 0 2 1 0 0 0 2 0 1 3 1 0 0 0 2 0 0 1 0 1 0 0 2 2 2 7 5 1 0 5 6 7 0 0 0 0 0 28 15 0 5 4 6 4 1 0 0 0 0 3 0 2 3 0 3 1 1 1 0 0 2 1 0 0 4 0 4 1 8 1 1 0
69 7.506000 1 7 0 0 1 4 3 21 0 0 0 0 3 1 0 0 0 5 21 17 4 0 0 0 2 0 6 0 0 0 1 1 0 1 0 3 0 0 0 0 0 1 3 1 1 1 1 0 3 1 1 0 6 0 0 0 0 0 1 1 3 0 1 1 1 1 0 1 1 1 1 1 0 1 0 0 2 0 1 0 0 2 1 0 2 0 2 0 0 3 0 0 1 2 1 1 1 10 6 0 0 4 3 0 0 0 0 0 2 18 15 0 4 3 4 2 2 0 0 0 1 4 0 1 1 0 1 0 1 2 0 0 4 1 1 0 3 0 5 3 7 0 0 0
70 7.606000 0 6 2 0 2 2 2 22 12 0 0 0 1 3 0 1 0 1 21 19 8 0 0 0 0 0 7 0 0 1 1 3 0 1 1 3 0 2 2 1 0 0 4 0 0 2 1 1 2 2 1 0 5 2 1 1 0 0 0 1 1 1 1 0 2 1 0 1 0 2 1 2 0 1 1 0 1 0 0 0 1 4 1 0 1 0 3 0 0 5 0 0 2 0 0 3 1 6 6 1 2 4 3 0 0 0 0 0 3 11 14 0 4 1 6 2 3 0 0 0 1 5 0 2 1 0 4 1 1 1 0 0 1 0 0 0 4 2 3 0 8 0 0 0
71 7.706000 2 1 0 1 4 2 4 8 2 0 1 1 3 1 0 0 0 25 19 0 1 0 0 1 4 0 5 0 0 0 1 2 0 0 1 3 1 1 1 0 1 0 5 0 1 1 0 3 5 0 1 0 7 3 0 2 0 0 1 1 1 2 1 1 2 1 0 2 1 1 0 1 0 0 0 1 0 0 1 0 0 2 1 0 1 2 2 0 3 1 0 0 3 0 1 2 3 4 0 0 0 2 5 0 0 0 0 0 1 11 0 0 0 5 4 2 4 0 0 0 0 6 0 3 2 0 2 0 0 1 0 3 1 0 0 0 0 1 4 0 7 2 1 0
72 7.807000 7 0 2 3 2 0 3 5 2 0 1 0 2 0 0 4 5 3 20 9 2 0 0 0 0 6 5 0 0 1 1 2 0 2 0 0 0 3 2 0 0 0 5 0 1 1 0 1 1 2 0 0 0 1 0 1 0 1 1 0 0 0 1 1 3 1 1 0 1 2 0 0 0 1 1 0 1 0 0 0 1 3 1 0 2 0 3 0 0 5 0 0 2 0 1 1 2 9 4 3 1 4 1 0 0 0 0 5 0 26 14 0 5 1 3 0 2 0 0 3 0 3 0 1 2 1 3 0 1 0 0 2 3 2 0 1 2 0 2 0 7 1 1 0
73 7.907000 2 0 1 2 4 1 0 22 13 0 0 0 2 1 0 0 27 4 3 12 6 0 0 0 2 0 6 0 0 0 2 2 0 1 0 0 0 0 1 2 0 0 5 1 0 1 0 0 3 1 1 0 4 3 0 2 1 0 0 0 0 0 1 1 1 1 1 1 2 2 1 2 1 1 0 1 0 0 1 0 0 2 1 0 2 0 1 0 0 7 0 8 0 1 1 2 4 0 0 2 0 3 2 0 0 0 0 0 0 9 0 0 6 1 1 1 2 0 0 0 0 3 0 1 1 0 3 2 1 0 0 0 3 1 1 0 4 2 5 0 7 1 0 0
74 8.007000 2 0 3 0 5 6 0 21 9 0 0 0 3 0 0 0 15 21 0 10 6 1 0 0 2 5 3 0 1 0 2 1 0 1 0 0 3 0 2 1 0 0 5 0 0 2 0 3 6 2 1 1 6 1 0 1 0 0 0 2 0 1 1 1 2 1 0 1 1 1 1 1 0 3 1 0 0 0 0 1 0 1 1 0 2 0 2 0 0 0 4 0 0 1 0 1 3 14 3 1 2 2 2 0 0 0 0 0 0 24 17 0 1 1 1 2 3 0 0 0 0 4 0 2 1 0 2 0 1 2 0 4 1 1 0 0 1 0 3 3 8 1 0 0
75 8.107000 1 5 0 0 5 4 0 3 15 0 0 0 1 0 0 0 32 26 0 5 5 0 0 0 2 6 6 0 0 0 1 2 0 1 1 0 1 2 2 2 0 0 3 1 1 2 0 0 3 1 2 0 10 1 0 0 1 0 1 1 0 1 0 1 1 1 0 1 1 1 1 1 0 2 0 1 1 0 0 0 2 4 1 0 0 0 3 0 0 7 0 4 0 0 2 1 4 10 1 3 0 2 3 7 7 0 3 0 0 26 13 0 0 0 4 3 1 0 0 5 0 2 0 1 2 0 2 1 1 1 0 1 3 0 0 1 2 0 4 2 8 2 1 0
76 8.207000 2 0 3 1 2 2 4 4 11 0 0 0 3 0 0 0 30 4 18 5 5 0 0 3 3 0 5 0 0 0 2 2 0 2 0 0 1 0 1 0 0 1 0 0 1 3 0 0 2 1 1 0 5 2 0 1 0 0 0 0 2 1 1 1 1 1 0 1 1 2 0 1 1 1 0 1 0 0 1 0 0 2 1 0 3 0 1 0 3 0 2 0 1 1 1 0 0 8 6 0 1 1 2 17 8 0 1 0 0 28 15 0 0 0 4 4 6 2 0 0 0 5 1 1 1 0 2 2 1 1 0 0 4 0 0 0 1 0 4 3 7 2 1 0
77 8.307000 2 2 0 0 2 2 0 20 8 3 0 0 1 1 0 0 32 15 5 6 7 0 0 0 4 8 4 1 0 0 2 2 0 0 1 1 3 0 2 2 0 2 5 0 1 3 1 0 0 2 1 1 1 1 0 1 0 0 1 2 0 1 1 1 3 0 0 1 1 2 0 2 0 3 1 0 0 0 1 0 1 3 2 0 2 0 3 0 0 0 0 7 0 0 0 1 4 6 3 0 1 1 1 4 2 0 1 2 0 28 12 0 0 0 2 2 0 0 0 0 0 5 0 2 1 0 2 1 1 1 0 0 0 1 1 0 1 0 2 0 8 2 1 0
78 8.407000 0 2 1 2 1 4 0 8 10 2 4 0 3 1 0 0 0 24 18 1 1 2 0 0 0 0 0 2 1 0 1 1 0 2 1 0 1 0 1 0 0 0 5 0 1 1 0 3 2 1 1 0 1 2 0 0 0 0 0 0 2 0 1 1 2 1 1 1 1 2 1 1 0 4 1 0 0 0 1 0 0 3 1 0 2 0 3 0 0 0 2 0 2 0 1 0 4 5 4 0 0 4 7 0 0 0 3 0 0 24 6 0 0 4 6 2 0 0 0 4 0 4 0 2 1 0 3 1 1 1 1 4 3 0 1 0 2 0 4 1 8 1 1 0
79 8.507000 2 0 0 4 2 5 0 12 0 2 2 0 5 0 0 0 28 25 0 0 4 0 1 0 3 0 4 0 1 0 1 2 0 1 2 1 0 1 1 3 0 4 3 1 0 3 0 0 1 3 1 0 0 3 0 1 0 2 0 0 1 0 2 1 0 1 1 1 0 1 1 2 0 3 1 0 0 0 2 0 0 2 2 0 1 0 2 0 3 1 0 2 0 1 2 0 4 8 1 0 0 3 6 20 7 0 2 0 0 29 6 0 0 1 2 4 4 0 0 1 0 2 0 2 0 0 3 2 0 1 0 0 1 0 1 0 1 0 3 0 8 1 1 0
80 8.607000 1 0 0 2 0 0 4 13 2 0 3 0 2 1 0 4 30 5 20 20 1 0 0 2 1 0 4 0 2 0 2 2 0 0 1 2 0 2 1 2 0 0 5 0 1 1 0 0 4 2 0 1 1 2 1 1 0 0 1 1 1 1 1 1 2 1 0 2 2 2 1 1 1 1 1 0 0 0 1 0 0 3 1 0 0 1 1 0 0 0 3 0 1 1 0 2 2 2 1 3 0 1 5 23 6 0 0 0 0 0 16 0 0 0 6 4 2 0 0 0 0 5 0 1 1 0 4 1 1 1 0 0 3 0 0 0 6 0 6 2 8 2 0 0
81 8.707000 0 5 3 0 2 4 4 21 0 0 4 0 2 0 0 0 4 1 20 17 0 0 0 6 2 0 5 0 1 0 1 2 0 1 0 0 0 1 3 1 0 2 3 0 0 3 0 0 1 1 1 1 5 2 0 1 0 1 0 2 1 0 1 0 1 0 1 1 1 2 1 2 0 3 1 0 0 0 0 0 1 3 2 0 1 0 1 1 0 4 0 0 3 1 0 1 2 8 2 1 0 2 3 12 2 0 1 4 0 31 12 0 0 1 4 3 4 0 0 3 0 4 1 1 2 0 4 2 2 1 1 2 2 0 0 1 3 0 3 0 8 3 1 0
82 8.807000 5 8 0 3 4 5 0 9 13 0 2 0 3 1 0 0 36 19 2 2 7 0 0 3 4 0 4 0 1 0 1 2 0 0 1 3 0 2 0 1 0 1 4 1 1 1 0 2 0 0 1 1 4 3 0 1 0 0 0 2 1 0 1 1 1 0 0 1 1 2 1 1 0 2 1 1 1 0 1 0 0 3 1 0 0 0 0 0 0 4 0 7 0 1 1 2 3 11 0 3 0 4 0 2 4 2 0 0 3 26 14 0 3 2 3 4 5 0 0 0 0 6 0 2 3 0 3 2 1 0 1 0 3 1 1 0 3 0 3 0 7 2 0 0
83 8.908000 1 2 0 2 4 2 0 21 12 4 0 0 3 1 0 0 33 17 3 5 8 0 0 0 3 0 3 0 1 0 2 2 0 1 0 0 0 3 0 1 0 0 1 0 1 0 0 2 3 2 0 1 0 3 0 2 0 0 1 1 1 1 1 1 0 1 0 2 1 2 0 1 0 3 1 0 1 0 0 1 1 3 1 0 1 0 2 0 0 2 1 0 0 2 1 0 2 0 2 0 0 4 6 0 0 0 0 1 0 0 0 0 4 4 5 2 3 0 0 0 0 6 0 2 1 0 2 0 0 1 0 0 2 2 2 0 3 0 4 2 4 2 0 0
84 9.008000 3 0 0 2 5 4 0 16 0 0 2 0 3 0 0 0 34 1 0 20 5 0 0 4 3 0 7 0 0 0 2 1 0 1 0 0 3 2 2 0 0 0 2 0 0 3 0 2 0 2 1 0 4 1 2 0 0 0 1 1 1 1 1 1 1 0 0 2 0 2 1 1 0 2 0 0 0 0 2 0 0 3 1 0 0 0 2 0 0 3 0 4 0 1 0 0 4 2 1 0 1 4 3 0 7 0 0 0 1 19 0 0 4 4 2 2 6 0 0 0 0 5 0 0 2 0 4 0 1 1 0 0 2 0 0 0 1 0 4 0 8 1 0 0
85 9.108000 2 5 0 1 5 5 0 16 0 0 5 0 4 1 0 0 24 22 3 20 6 0 0 1 1 0 6 0 1 0 2 2 1 0 1 0 1 1 0 2 0 0 5 0 1 2 0 3 0 2 1 0 5 2 0 1 0 0 1 1 1 1 1 2 2 1 1 1 1 1 1 1 0 2 1 0 0 0 1 0 0 4 1 0 2 0 2 0 0 5 0 1 0 1 2 0 0 8 3 0 0 4 5 11 0 0 0 0 0 31 14 0 4 5 5 5 4 0 0 0 0 2 0 2 1 0 2 0 1 1 0 3 6 1 1 0 1 2 4 0 7 1 1 0
86 9.208000 2 0 4 2 2 5 5 3 0 0 0 0 2 0 0 4 0 19 17 3 4 1 0 0 3 3 6 3 0 0 2 2 0 1 1 0 6 0 0 0 0 0 5 0 0 2 0 1 2 1 1 0 1 2 0 1 0 0 0 1 2 1 1 2 1 1 0 1 1 2 0 3 0 2 1 0 0 0 1 0 0 3 2 0 1 0 1 1 0 0 3 0 1 1 0 1 3 6 3 3 0 4 5 4 0 0 0 3 0 13 11 0 4 5 5 3 4 0 0 0 0 3 0 2 1 0 3 1 1 2 0 3 3 0 0 1 3 1 3 1 8 1 0 0
87 9.308000 1 2 2 4 2 3 0 19 4 0 2 0 2 0 0 2 32 2 0 20 8 0 0 2 4 7 6 0 0 0 1 3 0 0 1 0 3 1 3 0 1 0 2 0 0 2 0 3 0 3 2 0 7 2 0 1 0 0 1 1 0 1 1 0 1 1 1 2 1 2 1 1 0 1 0 1 0 0 0 0 0 4 1 0 2 0 2 2 0 1 0 0 1 0 1 1 2 7 3 0 0 6 6 13 6 0 1 0 0 6 12 0 3 4 6 3 4 0 0 0 0 3 0 0 1 0 1 1 1 0 0 0 0 1 0 0 4 0 3 0 8 2 1 0
88 9.408000 0 5 4 1 4 5 0 18 0 0 0 0 1 0 1 0 0 21 1 18 1 0 0 5 4 0 4 1 0 1 2 2 0 0 1 2 4 3 2 1 0 0 6 0 0 2 0 2 0 2 0 0 0 2 1 2 0 0 1 1 2 1 1 1 3 1 0 1 1 2 1 2 1 1 1 1 0 0 1 0 0 3 1 0 2 0 3 1 0 2 1 0 1 1 0 2 2 0 2 0 0 2 3 5 0 0 0 0 0 17 4 0 0 2 5 4 4 0 0 0 0 0 0 4 2 0 1 1 1 1 0 0 0 1 1 1 2 0 5 0 7 2 0 0
89 9.508000 5 2 3 1 2 4 5 6 0 4 3 0 6 1 1 0 0 22 18 0 4 1 0 3 0 1 5 0 1 0 1 3 0 1 1 0 0 0 2 0 0 0 4 0 0 3 0 1 2 1 2 0 7 2 1 1 0 0 2 0 1 1 1 1 2 1 1 1 0 2 1 2 0 0 1 1 1 0 1 1 0 2 2 0 2 0 2 0 2 0 2 1 0 1 0 3 4 11 6 0 1 2 5 0 0 0 0 0 0 25 13 0 2 3 3 3 3 0 0 0 0 1 0 3 1 0 3 2 0 1 0 0 4 0 2 1 2 0 5 2 7 2 1 0
90 9.608000 4 0 3 0 4 1 1 19 0 0 4 0 3 0 0 0 33 4 0 17 2 0 0 2 1 4 4 2 0 0 2 2 0 0 2 0 4 3 0 0 0 0 3 1 0 1 1 2 3 1 0 0 0 2 0 0 1 0 1 1 0 1 2 1 2 1 1 1 1 2 1 2 0 1 0 0 0 0 1 0 0 3 1 1 2 0 2 0 0 3 3 0 1 2 2 1 3 12 4 1 0 2 2 0 0 0 0 0 0 25 15 0 0 1 2 2 4 0 0 0 0 2 0 3 1 0 4 0 1 2 0 0 3 0 1 0 4 0 1 0 8 2 1 0
91 9.708000 0 3 0 2 4 6 0 1 11 0 0 0 1 0 0 0 9 20 4 2 7 0 0 0 3 0 4 0 0 0 3 2 0 1 0 0 0 2 1 0 0 0 5 0 1 1 1 3 2 2 0 1 1 1 0 0 0 1 0 0 1 1 1 2 1 0 0 1 1 2 1 1 0 3 1 0 1 0 1 0 1 4 1 0 2 0 2 0 0 0 1 5 0 0 0 2 1 8 7 0 2 3 6 18 5 0 1 5 0 26 13 0 4 5 5 4 2 1 0 3 0 1 1 3 2 0 4 1 2 1 0 3 5 0 0 1 3 0 2 0 7 2 2 0
92 9.808000 1 6 0 2 5 2 2 20 0 3 3 0 1 2 1 0 30 3 4 16 2 0 0 0 0 1 3 0 0 0 1 2 0 1 0 0 0 0 2 1 0 0 5 1 0 3 0 0 4 2 1 2 1 0 0 0 1 1 2 1 1 0 1 1 1 1 2 1 1 2 0 2 0 3 1 1 2 0 1 0 0 2 1 0 0 0 3 0 0 0 1 3 0 1 0 1 3 14 4 2 0 4 6 12 2 0 0 0 0 22 14 0 4 4 6 4 5 0 0 0 0 1 0 0 2 0 2 2 1 1 0 0 1 2 0 0 1 0 4 0 7 1 0 0
93 9.908000 0 0 2 5 0 2 5 6 0 0 4 0 4 0 0 4 17 7 16 14 2 0 0 0 4 0 4 1 1 0 1 2 0 3 1 1 3 1 2 0 0 1 5 0 0 2 0 0 2 2 1 0 0 4 0 1 0 1 1 1 2 1 1 1 2 1 0 1 1 2 1 1 0 1 1 0 0 0 1 0 2 4 1 0 1 0 2 0 0 1 0 0 1 1 1 2 2 5 6 0 0 1 4 21 10 0 0 0 3 22 12 0 0 1 2 5 5 0 0 0 0 4 1 2 1 1 3 1 1 1 0 0 2 1 1 0 4 2 3 0 7 1 2 0
94 10.008000 2 7 0 3 1 1 2 9 0 0 4 0 4 1 0 3 22 2 21 19 3 0 0 0 0 0 6 1 1 0 1 0 0 0 0 0 4 2 1 0 0 0 5 1 1 2 1 2 4 3 1 1 0 2 0 1 0 1 0 1 0 0 1 0 1 0 0 1 1 2 1 2 1 2 1 0 0 0 4 0 0 3 1 0 1 0 2 1 0 3 0 4 0 0 2 2 2 0 2 0 0 2 3 9 6 0 2 5 0 2 2 0 0 1 4 0 5 0 0 6 0 0 0 1 2 0 4 1 1 1 0 0 0 1 0 0 1 0 3 0 7 2 0 0
95 10.109000 0 4 3 5 3 3 0 20 16 0 0 0 3 3 0 5 35 1 2 19 5 0 0 0 1 0 6 0 0 0 2 1 0 2 0 0 0 0 3 1 0 0 5 1 0 1 0 3 4 0 1 0 3 4 1 1 0 0 1 0 1 0 0 1 3 0 0 2 1 2 1 2 1 2 1 0 0 0 1 1 0 2 2 0 2 0 1 0 0 0 0 9 0 2 0 1 2 8 6 0 3 3 5 0 0 0 0 0 2 11 13 1 0 2 3 1 1 0 0 0 0 2 0 0 1 0 4 0 2 0 0 2 0 1 1 0 1 0 5 3 8 2 1 0
96 10.209000 1 3 2 2 1 4 3 22 0 0 0 0 1 1 0 0 0 3 22 20 4 0 0 0 0 0 3 1 0 2 1 2 0 0 0 0 3 0 2 1 0 0 5 1 1 3 0 0 0 2 1 0 2 2 0 2 0 0 0 2 1 0 1 1 2 1 1 2 1 1 1 1 0 0 1 1 2 0 0 0 0 2 1 0 2 0 3 0 0 0 1 3 0 1 0 1 6 0 0 0 0 1 3 13 0 0 0 0 0 5 0 0 6 0 0 4 4 0 0 0 0 5 0 0 2 0 4 0 0 1 0 1 3 1 1 1 4 2 2 0 7 3 1 0
97 10.309000 2 4 0 0 2 5 1 16 14 0 0 0 4 2 0 0 5 23 0 1 5 0 0 4 0 0 7 1 0 0 2 2 0 1 1 0 0 2 3 2 0 1 6 0 1 1 1 2 1 1 1 0 6 1 1 1 0 0 0 1 2 0 1 1 3 1 0 1 1 2 0 2 0 2 2 0 0 0 1 0 0 2 1 0 1 0 3 2 0 3 0 4 0 2 0 1 2 4 3 0 0 3 4 20 7 0 0 0 0 0 3 0 0 2 2 5 6 0 0 0 0 5 0 1 3 0 2 1 1 1 1 1 2 1 1 0 0 1 3 0 8 1 0 0
98 10.409000 0 0 2 1 1 4 1 5 15 4 0 0 1 0 0 4 0 23 18 6 5 0 0 0 0 2 7 1 0 0 2 2 0 0 0 0 4 1 2 0 1 0 6 1 1 1 1 2 3 0 2 0 0 2 0 0 0 0 1 1 0 1 1 1 2 1 1 1 1 2 1 1 0 3 1 0 0 0 1 1 0 2 1 0 0 1 3 0 0 4 0 2 2 1 0 2 1 12 1 3 0 2 3 6 0 0 1 9 1 25 17 0 0 1 4 2 4 0 0 1 0 5 1 0 2 0 3 1 0 1 0 3 1 1 1 0 3 0 4 2 7 2 1 0
99 10.509000 0 7 0 2 2 3 1 5 8 1 3 0 2 1 0 0 0 23 16 5 1 0 0 0 4 2 6 1 0 1 1 2 0 1 0 0 1 0 1 0 0 0 3 0 1 1 0 2 1 1 0 2 3 3 0 1 0 1 1 3 2 0 1 1 1 1 0 1 0 0 1 1 0 3 1 0 0 0 1 1 0 1 1 0 1 0 2 0 0 3 0 0 2 0 1 0 3 9 6 2 0 6 1 0 0 0 0 0 0 24 16 0 4 4 3 3 2 0 0 0 0 5 0 2 3 0 4 0 1 2 0 3 5 1 1 0 3 0 6 0 8 1 1 0
100 10.609000 0 0 0 1 1 2 4 4 3 0 4 0 3 0 0 0 0 13 14 12 2 0 0 5 1 6 3 0 0 0 2 2 0 0 0 0 2 2 1 0 0 1 5 0 0 2 0 3 2 2 1 0 5 1 1 1 0 1 0 2 1 1 1 1 1 1 1 1 1 2 1 2 1 3 1 0 0 0 3 0 0 3 1 0 2 0 1 1 0 0 0 0 1 1 1 2 2 9 3 1 0 2 1 0 4 0 1 2 0 22 15 0 0 2 0 1 5 0 0 0 0 4 0 2 1 0 2 0 0 1 0 1 5 0 0 0 3 0 7 3 4 2 2 0
101 10.709000 6 0 0 1 5 4 1 4 11 1 0 0 4 1 0 0 20 21 0 2 8 0 0 1 0 0 2 0 0 1 2 2 0 1 2 3 0 2 0 2 1 1 4 0 1 1 0 3 3 2 0 2 0 2 0 1 0 0 1 1 3 0 1 1 3 0 0 2 1 1 1 2 2 4 1 0 0 0 1 0 0 4 2 0 1 1 0 0 2 0 3 0 1 1 2 1 3 2 2 0 0 2 5 22 8 0 0 0 0 0 7 2 0 1 5 5 5 0 0 0 0 0 0 1 2 0 2 0 2 0 0 3 3 1 1 0 2 0 5 0 7 2 1 0
102 10.809000 0 0 0 4 6 1 0 17 7 0 3 0 3 0 0 4 26 5 0 21 8 0 0 1 4 0 5 0 0 3 1 2 0 1 0 0 0 0 0 3 0 1 5 0 1 2 0 1 4 0 2 2 0 1 1 1 0 0 1 1 0 0 1 1 2 1 1 2 2 1 1 1 0 1 1 1 0 0 1 1 2 3 2 0 2 0 2 0 0 0 4 0 1 0 2 0 3 9 5 0 1 1 1 0 0 0 2 3 3 30 13 0 1 0 2 1 3 0 0 1 1 3 0 2 1 0 4 0 0 0 0 0 3 2 1 0 5 0 2 0 8 2 0 0
103 10.909000 1 3 0 3 5 3 5 7 6 0 0 0 2 0 0 0 28 5 12 14 3 1 0 5 4 0 6 0 0 1 2 1 0 1 1 0 5 0 2 1 1 0 4 0 1 2 1 4 1 2 1 1 3 2 0 2 0 0 1 0 0 0 1 0 2 0 2 1 2 2 1 2 0 3 0 0 0 0 2 0 0 2 1 0 1 1 2 0 0 1 4 0 1 1 1 0 2 1 0 1 1 3 3 0 0 0 2 1 0 3 3 0 5 3 2 2 4 0 0 4 0 4 0 2 2 0 3 1 0 1 0 2 4 1 1 0 4 0 6 0 7 1 0 0
104 11.009000 0 2 0 1 6 5 0 19 16 0 4 0 2 2 0 0 10 20 0 11 8 0 0 2 2 6 4 1 1 1 2 1 0 0 0 0 1 1 3 0 0 1 5 0 0 1 0 2 5 2 0 1 7 2 1 0 0 0 1 2 0 0 1 1 1 1 0 2 1 1 1 1 0 1 1 0 1 0 1 0 2 3 2 0 4 0 1 1 0 1 1 0 3 1 1 0 0 11 0 2 0 2 7 0 0 0 2 0 4 30 12 0 0 3 6 3 1 0 0 0 0 3 1 2 1 0 2 1 0 1 0 3 2 0 0 0 5 0 1 0 8 2 1 0
105 11.109000 4 0 0 4 0 4 0 18 0 2 2 0 2 0 0 3 1 12 9 15 1 0 0 0 1 8 5 0 0 0 2 2 0 0 1 0 3 3 2 2 0 0 5 0 1 2 0 2 1 1 1 3 3 0 0 1 0 0 1 2 0 2 1 1 2 0 1 1 1 1 0 1 1 3 1 0 3 0 0 0 0 3 2 0 1 0 3 0 0 0 0 0 1 1 2 2 2 0 4 0 1 1 3 0 0 0 0 0 0 0 3 0 0 0 4 2 3 0 0 2 1 5 0 1 3 0 1 1 1 0 0 0 0 1 0 0 5 2 5 0 7 3 1 0
106 11.209000 4 0 0 1 4 1 1 18 0 2 4 0 3 0 0 0 30 5 2 18 3 0 2 1 4 1 5 0 0 3 2 2 0 2 1 0 1 3 0 1 0 0 4 0 1 3 0 3 3 2 1 0 1 2 0 1 0 0 0 3 0 0 0 1 0 1 0 1 1 2 1 2 0 3 1 1 2 0 1 0 1 3 1 0 1 0 2 0 0 5 0 3 2 1 0 0 3 0 3 0 0 4 6 19 0 0 0 0 0 2 3 0 0 4 3 5 4 0 0 0 0 5 0 2 1 0 3 0 1 1 0 3 2 1 1 0 4 0 5 0 8 1 0 0
107 11.309000 0 6 0 0 6 6 1 2 13 0 1 0 1 0 0 0 35 22 0 6 7 0 0 1 2 3 3 0 0 0 1 3 0 1 1 0 2 2 2 2 0 1 5 0 1 2 1 2 3 1 1 0 0 2 0 1 1 0 0 1 2 0 0 1 2 1 1 2 2 2 1 1 1 1 1 1 0 0 1 1 0 2 1 0 0 0 2 0 0 1 1 0 2 1 2 2 2 11 4 3 0 1 2 0 0 0 0 0 0 25 16 0 0 1 3 0 1 0 0 0 2 5 0 1 3 0 2 1 1 1 0 1 3 1 1 1 4 0 2 2 8 2 0 0
108 11.410000 4 0 0 2 3 4 1 4 12 0 2 0 5 0 0 4 0 21 20 3 8 0 0 4 4 0 5 0 0 0 0 2 0 1 1 0 1 1 3 0 0 1 4 1 1 1 0 2 3 0 0 0 4 3 0 1 0 1 0 0 1 0 1 1 2 1 1 1 1 2 0 2 1 1 1 1 2 1 1 0 1 5 1 0 2 0 2 3 0 1 1 0 1 1 1 1 1 14 2 4 0 2 3 0 0 0 1 1 2 25 17 0 0 1 4 0 4 0 0 0 0 5 1 1 2 0 4 0 1 1 0 0 2 0 1 0 4 1 4 0 8 2 1 0
109 11.510000 0 3 0 4 1 4 0 17 0 0 3 0 1 0 0 4 0 21 3 12 3 0 0 0 2 0 6 0 0 0 2 2 0 1 0 0 2 3 2 2 0 0 4 0 0 0 1 2 2 0 1 0 5 3 0 2 0 1 1 2 0 1 1 1 0 1 1 1 3 3 1 1 0 1 1 0 0 0 0 0 0 2 1 0 1 1 2 0 0 5 0 0 1 0 3 1 1 9 6 0 0 2 3 11 9 0 2 0 0 27 15 0 0 0 2 1 5 0 0 0 0 5 0 2 1 0 4 1 0 1 0 1 1 1 0 1 4 2 5 2 8 2 0 0
110 11.610000 2 0 0 4 3 1 4 5 12 3 0 0 4 0 0 4 0 2 17 2 4 0 0 0 1 0 7 0 3 0 1 1 0 2 1 0 0 1 3 1 0 1 5 0 1 1 0 2 4 0 1 0 4 2 0 0 0 1 2 1 3 0 1 0 3 1 1 2 1 2 0 1 0 2 1 0 2 0 0 0 1 3 2 0 1 0 3 0 0 2 0 4 1 0 2 1 4 0 3 0 3 6 3 0 0 0 0 0 0 0 0 0 3 4 2 1 1 0 0 0 0 2 1 3 0 0 4 1 1 2 0 1 4 0 1 0 4 1 0 2 7 2 1 0
111 11.710000 2 0 1 4 2 4 3 7 13 1 0 0 4 0 0 3 0 21 21 4 4 0 0 4 2 0 6 0 0 1 0 2 0 2 1 2 1 1 2 0 0 2 5 0 0 2 0 2 2 2 1 1 4 1 0 1 0 0 1 1 0 1 1 1 2 2 1 1 1 2 1 1 1 3 1 1 0 0 1 0 0 3 1 0 1 0 2 0 0 1 1 0 1 0 2 1 4 1 1 0 0 3 4 22 8 0 0 0 0 19 2 0 0 3 2 5 4 0 0 0 0 2 1 2 1 0 3 0 2 2 0 1 4 2 0 0 4 1 5 0 7 0 1 0
112 11.810000 1 0 1 2 2 2 2 2 11 0 0 0 3 0 0 4 0 22 17 5 8 0 0 5 0 2 4 1 0 0 1 2 0 0 0 0 3 0 2 1 0 0 6 0 0 2 0 3 1 2 1 0 3 0 1 1 0 0 1 0 2 1 1 1 1 1 0 1 1 2 1 1 0 1 1 1 2 0 1 0 0 4 2 1 1 0 4 0 0 0 0 7 0 2 1 0 4 0 2 0 0 1 7 0 0 0 0 0 1 0 3 0 0 4 4 4 4 0 0 0 0 5 1 2 2 0 4 2 2 2 0 0 7 1 1 1 5 1 5 0 8 2 1 0
113 11.910000 3 0 0 3 3 2 3 1 0 0 0 0 3 0 0 4 30 6 19 9 1 0 0 0 0 1 3 0 0 0 2 1 0 3 1 0 2 2 3 1 1 0 3 0 0 1 1 2 2 2 1 0 5 2 0 2 0 0 0 1 1 1 1 1 1 1 1 1 1 2 1 3 1 3 1 0 0 0 2 0 0 4 1 0 1 0 3 0 0 1 3 0 2 2 1 2 2 0 6 0 2 0 3 0 3 1 1 0 0 0 5 0 4 1 3 2 4 0 0 0 0 4 0 2 1 0 4 1 0 0 1 0 2 2 1 1 3 0 0 0 9 3 0 0
114 12.010000 0 2 0 1 3 5 5 3 0 0 0 0 2 1 0 0 0 25 20 3 2 0 0 0 2 0 3 0 0 0 2 2 0 0 0 0 0 3 2 1 1 1 5 1 1 0 0 2 2 0 0 1 3 2 1 0 0 1 1 1 1 1 1 1 1 0 1 2 1 2 1 2 0 3 1 1 0 0 0 0 0 4 2 0 1 0 1 2 0 3 0 3 0 0 1 0 3 3 0 0 0 2 4 14 5 0 2 1 0 11 0 0 0 0 1 4 5 0 0 4 0 4 0 3 1 0 2 1 2 1 0 1 4 2 1 1 4 0 3 0 8 2 1 0
115 12.110000 1 6 0 3 3 2 1 13 0 3 0 0 2 0 0 0 30 6 0 19 2 0 0 0 2 2 6 0 1 0 2 1 0 0 1 0 0 0 2 0 0 0 6 2 1 2 1 2 3 2 2 2 4 1 0 2 0 1 1 1 0 3 1 1 2 1 0 1 1 2 1 1 2 4 2 0 2 0 3 0 0 1 1 0 1 1 3 0 0 0 4 0 2 1 2 1 5 3 4 0 0 1 3 0 0 0 0 0 0 21 5 0 0 0 3 0 4 0 0 0 0 4 1 0 2 0 4 0 0 0 0 2 3 1 0 0 2 1 3 3 7 1 0 0
116 12.210000 0 0 0 4 5 2 0 10 13 0 3 0 2 0 0 5 36 1 0 1 8 0 0 4 1 0 7 0 0 0 1 2 0 2 0 0 1 4 2 0 1 1 2 1 1 2 1 2 3 1 1 2 1 3 0 0 0 0 1 0 0 0 0 1 2 1 1 1 2 2 1 1 0 3 1 0 0 0 1 0 0 3 1 0 2 0 2 0 0 0 3 0 2 0 2 0 2 9 8 0 3 1 5 0 0 0 0 0 2 18 15 2 0 2 6 2 2 0 0 0 0 5 1 2 2 0 4 1 1 2 0 4 3 1 1 0 3 1 6 0 7 2 1 0
117 12.310000 4 0 0 4 4 3 0 19 0 0 0 0 3 1 0 0 35 14 0 17 2 1 0 0 2 0 5 0 0 0 1 2 0 2 1 0 3 3 0 0 0 0 5 1 0 2 0 3 0 0 1 3 0 0 0 1 0 1 1 0 1 1 1 1 2 1 0 1 2 2 1 2 0 1 1 0 0 0 1 0 1 4 1 0 2 0 1 0 0 3 0 7 0 1 1 4 3 8 6 0 2 1 2 3 0 0 0 0 3 15 11 0 2 3 3 3 2 0 0 0 0 5 0 0 1 0 3 1 2 2 0 3 3 0 1 0 0 0 3 0 9 4 0 0
118 12.410000 1 0 2 3 0 4 0 19 0 0 3 0 3 0 0 4 0 25 7 14 2 0 0 0 6 0 8 0 0 0 2 3 0 2 0 0 0 1 2 1 0 1 3 0 1 0 0 1 0 2 0 1 4 1 0 1 1 0 0 3 1 1 0 1 2 1 1 2 1 2 1 2 0 3 1 0 3 0 1 1 1 3 1 0 1 0 2 0 0 0 2 0 2 1 1 1 2 3 2 0 0 3 7 0 0 0 3 0 0 17 4 0 0 4 4 1 0 1 0 0 0 5 1 3 2 0 3 0 1 1 0 2 4 1 1 1 5 2 5 2 6 1 0 0
119 12.511000 0 0 0 4 1 4 0 5 12 0 0 0 4 0 0 4 0 22 2 1 6 0 0 4 0 5 4 1 0 0 2 1 0 0 1 0 0 2 3 2 1 0 2 0 0 2 1 0 1 2 1 1 0 3 0 0 0 0 1 3 1 2 1 1 0 0 0 1 1 2 1 2 2 2 1 1 1 0 1 0 0 2 1 0 1 0 3 2 0 0 3 0 2 0 1 2 1 14 2 3 0 2 5 0 0 0 0 5 1 22 17 0 2 1 5 1 0 0 0 0 0 5 0 4 0 0 2 1 1 1 0 0 4 1 1 0 4 0 3 0 6 1 1 0
120 12.611000 0 6 0 5 2 2 0 12 17 0 5 0 0 0 1 3 27 1 6 0 4 0 0 0 1 2 4 1 1 0 1 2 0 0 2 1 3 3 3 0 0 0 3 0 0 1 0 2 3 0 1 1 1 2 1 0 0 0 0 2 1 0 2 1 2 0 0 2 1 2 1 1 0 3 1 0 0 0 1 0 0 1 1 0 0 0 3 2 0 3 0 0 0 2 0 3 0 12 1 3 0 3 1 22 0 0 0 0 0 29 14 0 0 1 3 5 4 0 0 0 0 4 0 2 1 0 3 1 1 1 1 1 2 0 2 0 5 1 4 0 7 2 0 0
121 12.711000 0 4 0 1 4 3 0 19 12 0 2 0 1 2 0 0 33 15 1 20 7 0 0 2 1 0 5 0 0 0 1 1 0 0 1 0 6 0 0 1 0 0 6 0 0 1 0 3 2 1 1 0 3 2 0 1 1 0 1 1 3 1 1 1 2 1 1 1 0 2 1 1 0 0 1 2 1 0 1 0 0 4 2 0 1 0 2 2 0 0 2 0 0 0 2 2 2 4 0 0 0 3 5 12 0 0 0 0 0 16 5 0 0 4 6 2 4 0 0 0 0 5 0 3 0 0 4 1 1 0 0 2 0 1 0 1 5 0 2 0 7 2 1 0
122 12.811000 2 0 0 4 2 2 4 6 5 0 1 0 4 0 0 4 0 3 18 0 2 1 0 0 4 0 6 1 0 0 1 1 0 0 2 0 3 0 3 0 1 1 4 0 0 2 1 2 2 3 1 0 0 3 0 0 0 1 1 0 0 0 1 0 1 1 0 2 0 2 1 2 0 0 0 0 0 0 0 0 0 4 2 0 1 1 2 0 0 0 0 0 3 2 1 3 2 2 0 0 1 4 3 0 1 1 0 0 0 6 0 0 3 4 4 1 2 0 0 0 0 4 1 1 0 0 3 1 1 0 0 1 3 1 0 1 3 2 2 0 8 2 1 0
123 12.911000 0 1 0 1 3 0 1 21 0 0 3 0 4 1 0 0 32 5 1 16 1 0 0 0 1 0 7 0 0 0 2 2 0 0 0 1 2 1 3 1 0 0 3 1 0 2 0 2 2 1 2 1 1 2 1 1 0 0 2 1 1 1 1 1 1 1 1 2 1 2 0 3 1 0 1 1 0 0 0 0 0 4 2 0 2 1 1 1 0 2 0 6 0 1 0 2 0 8 0 3 0 6 5 9 0 0 0 0 4 30 2 0 4 4 4 3 1 0 0 0 0 6 1 1 3 0 3 1 2 1 0 3 2 1 1 0 2 0 2 0 8 2 2 0
124 13.011000 5 0 0 2 2 4 1 7 13 0 2 0 3 0 0 4 0 20 14 1 7 0 0 0 2 0 5 0 0 0 1 2 0 2 1 0 4 2 2 1 1 0 3 0 0 2 1 2 3 1 1 1 6 2 0 1 0 1 0 2 1 1 1 1 2 0 0 1 2 2 0 2 0 0 1 1 0 0 3 0 1 3 0 0 3 1 1 0 0 0 1 0 1 1 2 0 3 9 4 0 0 1 6 21 9 0 2 0 0 31 9 0 0 0 7 4 5 0 0 2 0 4 1 0 2 0 4 1 1 0 0 3 0 0 0 0 2 0 5 0 9 0 0 0
125 13.111000 1 0 0 1 4 2 6 3 0 0 0 0 3 0 0 0 14 26 20 4 2 0 0 0 5 3 7 1 0 0 2 2 0 0 1 0 8 0 2 2 0 0 6 0 1 1 0 3 1 2 2 0 6 2 0 1 0 1 1 2 1 1 1 1 1 1 1 2 1 1 1 2 0 0 0 1 0 0 1 0 2 4 1 0 1 1 2 0 0 2 0 0 0 2 2 1 1 14 0 2 0 2 1 7 3 0 2 0 5 26 15 0 0 2 2 4 3 0 0 0 0 4 1 3 1 0 3 0 1 0 0 0 0 1 0 1 3 1 1 0 9 3 0 0
126 13.211000 0 6 0 3 5 2 1 19 0 0 2 0 2 0 0 0 25 12 2 19 2 0 1 5 3 0 6 0 0 0 1 2 1 1 0 0 6 2 2 0 0 0 5 1 0 2 0 1 4 2 1 0 1 3 1 1 1 1 0 0 3 1 1 1 3 0 1 2 2 2 0 2 0 2 1 0 0 0 1 0 0 4 1 0 0 1 2 0 0 2 0 9 0 2 0 0 2 1 0 5 0 2 7 0 0 0 1 0 0 4 4 1 0 1 5 3 3 0 1 0 1 6 0 2 1 0 4 1 0 1 0 3 1 1 0 0 4 0 5 0 8 0 0 0
127 13.311000 4 0 0 4 5 2 0 14 13 0 0 0 1 0 0 4 24 13 6 1 6 0 0 3 3 0 6 0 1 0 2 2 0 0 1 0 0 1 1 0 1 0 4 1 1 1 0 3 3 2 2 0 4 3 1 2 0 0 1 0 1 1 2 1 2 1 1 1 1 3 1 0 2 3 1 0 1 0 1 0 2 3 1 0 1 1 2 4 0 4 2 0 1 1 2 0 3 5 0 0 0 2 7 20 5 0 0 0 0 15 6 0 0 2 6 5 2 0 0 0 1 1 1 3 0 0 2 2 1 0 0 2 2 1 1 0 5 0 1 0 8 2 0 0
128 13.411000 2 5 0 4 5 2 4 8 0 2 0 0 2 1 0 0 31 5 19 18 2 0 0 0 5 0 3 0 0 0 2 2 0 1 0 3 0 2 0 1 1 0 2 0 1 0 0 2 3 0 0 1 0 3 1 1 0 1 0 2 1 2 1 1 3 1 0 1 1 2 1 3 0 3 1 1 0 0 1 0 1 4 2 0 1 1 1 1 0 6 0 2 0 1 2 1 3 5 0 3 0 2 4 9 8 0 1 0 0 20 3 0 0 1 3 4 5 2 0 0 0 6 0 3 0 0 3 2 2 0 0 1 2 1 1 0 2 0 0 0 8 2 1 0
129 13.511000 4 0 4 2 3 3 0 19 0 1 1 0 2 0 0 0 11 18 3 17 1 0 0 0 2 0 4 0 0 1 2 2 0 2 1 0 2 0 3 1 2 0 5 0 0 1 1 0 2 1 1 2 0 2 1 1 0 0 1 2 1 0 1 1 1 0 1 2 1 1 1 2 0 2 1 1 0 0 0 1 0 3 1 0 3 0 1 0 0 1 3 0 2 2 1 2 3 6 0 2 0 4 5 0 0 0 1 5 0 29 0 0 0 4 3 1 2 0 0 4 0 5 1 2 2 0 3 2 2 2 0 3 4 1 0 0 3 0 3 2 8 1 0 0
130 13.611000 0 4 0 0 4 2 3 8 10 0 0 0 1 1 0 3 0 13 6 11 7 0 0 3 0 4 2 0 0 0 0 2 0 0 1 0 2 1 2 1 0 0 5 0 0 2 0 1 0 1 1 1 5 1 0 2 0 0 1 1 2 1 2 1 2 1 1 2 1 2 1 2 0 0 1 0 2 0 1 0 1 3 1 0 3 0 2 0 0 0 3 0 1 0 2 2 3 11 2 1 0 3 5 4 2 0 0 0 0 18 9 0 2 2 5 3 4 0 0 0 0 5 0 3 1 0 1 2 1 1 0 0 3 1 1 1 5 0 2 0 5 2 1 0
131 13.712000 4 0 2 0 4 2 4 6 13 0 4 0 3 0 0 0 29 7 12 9 6 0 0 3 0 1 6 0 0 1 0 2 0 0 1 0 3 1 3 1 0 1 5 0 0 3 1 3 6 0 1 1 6 1 1 1 0 1 1 0 1 1 1 1 2 1 0 1 1 2 1 1 0 1 0 2 0 0 0 0 1 4 2 0 1 0 3 1 0 6 0 7 0 2 1 1 3 8 3 4 0 1 2 11 4 0 3 0 0 6 11 0 1 0 3 4 5 0 1 0 0 5 1 3 2 0 2 1 2 2 0 1 1 0 1 0 4 1 3 1 7 2 1 0
132 13.812000 0 0 0 4 4 1 4 20 0 0 5 0 3 0 0 4 34 5 6 18 1 0 0 0 1 0 6 1 0 0 2 2 0 0 1 0 4 2 1 0 1 0 4 1 1 2 0 1 2 2 2 0 11 0 0 1 0 0 0 1 0 0 1 1 2 0 1 1 2 2 1 1 1 3 2 1 0 0 0 0 0 1 2 0 1 1 3 0 0 2 0 0 1 0 2 1 2 13 0 4 0 2 3 0 0 0 0 0 1 30 13 0 0 2 0 2 3 0 0 0 0 5 1 1 1 0 4 2 2 1 0 1 2 1 2 0 5 0 3 0 8 2 0 0
133 13.912000 1 0 0 4 0 1 4 7 14 2 0 0 3 1 0 4 15 3 16 2 6 1 0 0 2 4 6 0 0 0 1 2 0 1 1 0 8 2 1 1 0 0 3 0 0 2 1 1 2 2 1 1 0 4 0 0 0 1 0 3 0 1 1 1 1 1 0 2 1 2 1 3 0 3 1 1 1 0 0 0 0 4 1 0 3 1 1 0 0 0 3 0 0 2 0 2 5 7 0 0 4 3 5 0 0 0 1 6 0 21 4 0 0 4 4 3 2 0 1 1 0 3 1 2 1 0 2 2 1 2 0 1 4 1 1 0 3 0 4 0 8 2 0 0
134 14.013000 0 2 0 3 3 2 4 4 0 1 0 0 6 1 0 0 28 3 18 16 3 0 0 3 1 8 6 0 0 1 2 1 0 0 1 2 0 0 1 0 1 0 5 1 1 2 1 3 2 2 1 2 1 2 0 1 0 1 1 1 0 0 1 1 1 1 0 1 1 2 1 1 0 4 1 1 0 0 2 0 0 2 1 1 1 0 3 0 0 4 0 2 1 2 2 2 0 10 3 1 0 4 4 16 7 0 0 0 3 11 10 0 5 4 3 4 4 0 0 0 1 6 0 2 2 0 2 1 0 2 0 4 2 1 1 1 4 0 3 0 6 2 0 0
135 14.112000 0 0 0 4 5 2 0 21 10 0 0 0 4 0 0 6 33 1 0 13 8 0 0 6 1 4 6 0 0 0 2 2 1 2 0 2 0 3 1 0 1 0 3 0 0 2 1 0 1 2 2 0 6 2 0 1 0 0 1 2 1 1 1 1 1 1 0 1 1 2 0 1 0 3 2 1 3 0 0 0 0 4 0 0 3 0 3 0 0 0 1 1 0 2 2 3 0 7 4 0 1 4 7 13 3 0 0 2 0 4 5 0 0 4 4 4 2 0 0 0 0 6 0 0 2 0 1 1 1 0 0 4 4 0 1 0 5 0 5 1 8 1 0 0
136 14.212000 5 0 4 4 3 4 4 9 0 0 0 0 1 0 0 4 0 8 14 19 3 0 0 2 2 6 4 0 2 0 1 1 0 1 1 0 0 2 2 1 0 0 5 0 0 1 1 4 3 3 1 1 5 3 1 1 0 0 1 1 1 0 1 1 2 0 0 1 1 2 0 1 0 3 1 0 0 0 1 0 0 3 1 0 2 0 2 0 0 3 0 5 0 1 2 1 0 11 5 0 0 5 5 2 0 0 0 0 0 17 14 0 5 5 3 3 2 0 0 0 0 5 0 1 1 0 1 0 1 2 1 3 2 1 1 0 1 1 5 2 7 2 1 0
137 14.312000 6 0 4 0 0 5 0 15 14 0 1 0 3 0 0 0 0 20 0 2 6 0 0 4 2 3 5 0 1 0 2 1 0 1 0 3 3 2 2 1 1 0 5 1 1 3 0 0 1 0 1 0 4 3 1 0 0 1 1 0 1 0 2 1 2 1 0 2 1 2 1 2 0 2 1 0 0 0 1 0 0 2 1 0 1 1 1 1 0 4 0 0 1 1 3 1 4 9 0 1 0 5 6 0 0 0 0 0 0 26 5 0 0 3 7 0 3 0 0 0 1 4 0 3 1 0 0 1 1 1 0 0 3 2 1 0 4 1 2 0 7 2 0 0
138 14.412000 0 2 5 0 2 4 2 4 13 0 0 0 2 1 1 0 0 25 18 4 8 0 0 3 4 1 3 0 1 0 2 1 0 1 0 0 6 0 1 1 0 0 5 0 1 1 0 2 2 0 1 0 3 1 2 0 0 1 0 0 2 2 1 1 2 1 1 2 0 2 1 2 1 1 2 1 0 0 1 0 0 3 1 1 2 1 3 1 0 0 0 0 0 0 3 1 3 11 1 0 1 2 5 21 4 0 0 0 0 27 12 0 0 1 6 6 6 0 0 0 0 3 1 3 2 0 4 1 1 2 0 1 3 1 1 1 3 0 3 0 7 2 1 0
139 14.512000 0 3 5 1 0 4 5 8 13 0 0 0 2 0 1 0 0 25 21 4 4 0 0 4 5 0 6 0 1 0 1 2 0 0 1 0 2 0 2 0 1 0 5 0 1 1 1 0 2 1 1 0 2 2 0 1 1 0 1 2 2 0 1 1 1 1 0 2 0 2 1 2 0 1 1 1 1 0 2 0 0 4 2 0 2 0 1 1 0 5 0 6 0 1 0 2 2 8 6 1 0 4 6 18 1 0 0 0 0 19 9 0 0 4 7 4 4 0 0 0 0 5 1 3 2 1 4 0 0 1 0 4 4 0 1 0 3 0 6 0 8 2 1 0
140 14.612000 0 6 0 1 3 4 0 19 15 0 2 0 1 1 0 0 33 19 2 6 7 0 0 3 2 0 5 0 0 0 1 2 0 3 1 6 3 0 1 1 0 0 5 0 1 3 0 1 3 1 1 1 5 0 1 0 0 1 2 3 0 1 2 2 2 0 1 2 0 1 1 2 0 2 1 2 1 0 1 1 0 2 2 0 0 1 2 0 0 0 3 0 1 1 1 2 4 12 3 1 0 3 3 0 0 0 0 3 5 29 13 0 0 1 4 2 3 0 0 0 0 6 1 1 0 0 2 0 2 1 0 4 3 2 0 0 6 0 2 6 8 1 1 0
141 14.712000 7 5 0 4 5 2 3 7 0 0 0 0 5 1 0 2 32 2 18 17 3 0 0 0 1 2 6 0 0 0 2 1 0 0 1 0 0 2 2 1 0 0 5 1 0 2 0 0 2 1 1 1 0 2 0 1 1 1 1 1 0 1 1 2 2 2 1 1 1 2 1 3 0 1 1 1 0 0 1 0 1 5 2 0 2 1 2 0 0 0 2 0 1 2 3 1 2 12 3 1 0 2 5 0 0 0 2 0 0 29 13 0 1 4 5 0 3 0 0 1 0 5 0 2 2 0 4 1 1 1 0 2 2 1 0 1 0 2 1 0 7 3 1 0
142 14.812000 0 0 1 1 5 4 0 9 0 0 2 0 0 1 0 0 12 20 15 0 1 0 1 0 2 0 8 1 1 0 2 2 0 0 0 0 0 3 3 0 1 0 4 0 1 3 0 3 3 0 1 1 3 2 0 1 0 0 0 1 1 2 0 0 3 1 0 2 1 2 1 1 0 0 1 1 2 0 2 0 1 2 1 1 0 1 3 1 0 6 0 0 2 0 1 1 4 7 0 4 0 2 7 12 1 0 0 0 0 22 4 0 0 3 7 3 3 0 0 0 0 5 0 0 2 0 2 0 2 0 0 0 3 1 1 1 4 0 3 1 8 2 1 0
143 14.913000 0 0 5 2 3 0 2 4 0 0 1 0 1 0 0 4 0 2 19 14 3 2 0 0 2 8 5 1 1 0 1 2 0 3 0 2 10 0 2 1 0 0 4 0 0 2 0 2 1 0 0 2 3 3 0 2 0 0 1 1 1 0 1 1 1 1 0 2 1 2 0 2 2 2 1 1 1 0 0 0 0 3 1 0 0 0 3 1 0 2 0 0 1 1 2 0 3 0 0 4 0 5 6 0 0 0 0 0 0 0 1 0 4 4 6 3 1 0 0 0 1 4 1 2 1 0 3 0 1 1 0 0 4 1 0 0 5 2 4 0 4 2 1 0
144 15.013000 0 2 0 2 5 4 0 20 0 0 4 0 1 1 0 0 36 24 1 17 5 0 0 0 0 0 4 0 0 0 1 2 0 2 0 1 0 0 1 1 2 0 5 1 0 2 0 2 1 1 1 3 0 3 3 2 0 1 0 1 0 0 1 0 2 1 0 2 1 1 2 3 0 3 1 2 1 0 2 0 1 4 1 0 1 0 2 0 0 2 0 7 0 2 0 3 4 8 5 1 2 2 1 0 0 0 0 1 3 28 14 0 3 2 4 5 0 0 0 0 0 5 1 1 2 0 0 1 2 2 0 3 1 1 1 1 4 0 1 0 9 2 0 0
145 15.113000 5 0 4 5 2 1 2 9 8 0 1 0 4 0 2 5 11 6 21 18 2 0 0 4 1 0 6 0 0 0 1 2 0 2 0 0 1 0 1 0 0 0 6 0 0 3 0 3 1 3 1 1 0 2 0 2 0 0 1 1 2 1 1 1 1 1 0 1 1 2 1 2 1 2 1 1 1 0 1 2 0 3 1 0 3 2 2 0 1 0 4 0 2 0 2 0 4 3 2 0 0 1 5 6 1 0 0 0 1 18 4 0 0 2 4 4 5 0 0 2 1 5 1 3 2 0 3 2 2 1 0 0 2 1 0 0 4 1 5 3 8 2 0 0
146 15.213000 2 5 0 5 5 2 4 7 10 1 0 0 3 1 0 3 31 5 17 0 2 0 0 5 2 0 6 0 0 2 3 2 0 1 0 0 3 1 2 1 0 2 5 0 1 3 0 3 3 2 0 0 5 3 0 1 0 0 0 0 0 2 1 1 1 1 0 2 2 2 1 0 1 2 1 1 2 0 1 0 0 4 2 0 1 1 1 0 0 0 4 0 0 1 1 1 6 2 1 0 0 2 5 19 10 0 2 0 0 16 5 0 0 0 2 5 6 0 0 5 0 5 1 2 1 0 2 2 0 2 0 1 4 0 0 0 5 0 3 0 8 3 1 0
