56811
56804
56805
56806
56807
56803
56810
56808
56802
56809
56801
56823
56824
56825
56817
56822
56826
56818
56821
56819
56820
56843
56833
56834
56835
56836
56841
56842
56837
56840
56838
56839
56855
56856
56857
56849
56854
56858
56850
56853
56851
56852
56875
56868
56869
56870
56871
56867
56874
56872
56866
56873
56865
56887
56888
56889
56881
56886
56890
56882
56885
56883
56884
56907
56897
56898
56899
56900
56905
56906
56901
56904
56902
56903
56919
56920
56921
56913
56918
56922
56914
56917
56915
56916
56939
56932
56933
56934
56935
56931
56938
56936
56930
56937
56929
56951
56952
56953
56945
56950
56954
56946
56949
56947
56948
56971
56961
56962
56963
56964
56969
56970
56965
56968
56966
56967
56983
56984
56985
56977
56982
56986
56978
56981
56979
56980
-1
61041
61042
61043
61044
61049
61050
61045
61048
61046
61047
61051
61031
61032
61033
61025
61030
61034
61026
61029
61027
61028
61012
61013
61014
61015
61011
61018
61016
61010
61017
61009
61035
60993
60994
60995
60996
61001
61002
60997
61000
60998
60999
60977
60978
60979
60980
60985
60986
60981
60984
60982
60983
61003
60967
60968
60969
60961
60966
60970
60962
60965
60963
60964
60948
60949
60950
60951
60947
60954
60952
60946
60953
60945
60971
60929
60930
60931
60932
60937
60938
60933
60936
60934
60935
60913
60914
60915
60916
60921
60922
60917
60920
60918
60919
60939
60903
60904
60905
60897
60902
60906
60898
60901
60899
60900
60884
60885
60886
60887
60883
60890
60888
60882
60889
60881
60907
60865
60866
60867
60868
60873
60874
60869
60872
60870
60871
60875
60683
60676
60677
60678
60679
60675
60682
60680
60674
60681
60673
60695
60696
60697
60689
60694
60698
60690
60693
60691
60692
60715
60705
60706
60707
60708
60713
60714
60709
60712
60710
60711
60727
60728
60729
60721
60726
60730
60722
60725
60723
60724
60747
60740
60741
60742
60743
60739
60746
60744
60738
60745
60737
60759
60760
60761
60753
60758
60762
60754
60757
60755
60756
60779
60769
60770
60771
60772
60777
60778
60773
60776
60774
60775
60791
60792
60793
60785
60790
60794
60786
60789
60787
60788
60811
60804
60805
60806
60807
60803
60810
60808
60802
60809
60801
60823
60824
60825
60817
60822
60826
60818
60821
60819
60820
60843
60833
60834
60835
60836
60841
60842
60837
60840
60838
60839
60855
60856
60857
60849
60854
60858
60850
60853
60851
60852
60891
60657
60658
60659
60660
60665
60666
60661
60664
60662
60663
60699
60647
60648
60649
60641
60646
60650
60642
60645
60643
60644
60628
60629
60630
60631
60627
60634
60632
60626
60633
60625
60651
60609
60610
60611
60612
60617
60618
60613
60616
60614
60615
60593
60594
60595
60596
60601
60602
60597
60600
60598
60599
60619
60583
60584
60585
60577
60582
60586
60578
60581
60579
60580
60564
60565
60566
60567
60563
60570
60568
60562
60569
60561
60587
60545
60546
60547
60548
60553
60554
60549
60552
60550
60551
60529
60530
60531
60532
60537
60538
60533
60536
60534
60535
60555
60519
60520
60521
60513
60518
60522
60514
60517
60515
60516
60500
60501
60502
60503
60499
60506
60504
60498
60505
60497
60523
60481
60482
60483
60484
60489
60490
60485
60488
60486
60487
60859
60667
60292
60293
60294
60295
60291
60298
60296
60290
60297
60289
60311
60312
60313
60305
60310
60314
60306
60309
60307
60308
60635
60321
60322
60323
60324
60329
60330
60325
60328
60326
60327
60343
60344
60345
60337
60342
60346
60338
60341
60339
60340
60603
60356
60357
60358
60359
60355
60362
60360
60354
60361
60353
60375
60376
60377
60369
60374
60378
60370
60373
60371
60372
60571
60385
60386
60387
60388
60393
60394
60389
60392
60390
-1
60407
60408
60409
60401
60406
60410
60402
60405
60403
60404
60539
60420
60421
60422
60423
60419
60426
60424
60418
60425
60417
60439
60440
60441
60433
60438
60442
60434
60437
60435
60436
60507
60449
60450
60451
60452
60457
60458
60453
60456
60454
60455
60471
60472
60473
60465
60470
60474
60466
60469
60467
60468
60491
60299
60331
60363
60395
60427
60459
60475
