55051
55047
55048
55049
55041
55046
55050
55042
55045
55043
55044
55025
55026
55027
55028
55033
55034
55029
55032
55030
55031
55035
55015
55016
55017
55009
55014
55018
55010
55013
55011
55012
54996
54997
54998
54999
54995
55002
55000
54994
55001
54993
55003
54983
54984
54985
54977
54982
54986
54978
54981
54979
54980
54961
54962
54963
54964
54969
54970
54965
54968
54966
54967
54971
54951
54952
54953
54945
54950
54954
54946
54949
54947
54948
54932
54933
54934
54935
54931
54938
54936
54930
54937
54929
54939
54919
54920
54921
54913
54918
54922
54914
54917
54915
54916
54897
54898
54899
54900
54905
54906
54901
54904
54902
54903
54907
54887
54888
54889
54881
54886
54890
54882
54885
54883
54884
54868
54869
54875
54871
54867
54875
54872
54875
54873
54875
-1
55073
55074
55075
55076
55081
55082
55077
55080
55078
55079
55083
55092
55093
55094
55095
55091
55098
55096
55090
55097
55089
55111
55112
55113
55105
55110
55114
55106
55109
55107
55108
55099
55121
55122
55123
55124
55129
55130
55125
55128
55126
55127
55137
55138
55139
55140
55145
55146
55141
55144
55142
55143
55131
55156
55157
55158
55159
55155
55162
55160
55154
55161
55153
55175
55176
55177
55169
55174
55178
55170
55173
55171
55172
55163
55185
55186
55187
55188
55193
55194
55189
55192
55190
55191
55201
55202
55203
55204
55209
55210
55205
55208
55206
55207
55195
55220
55221
55222
55223
55219
55226
55224
55218
55225
55217
55239
55240
55241
55233
55238
55242
55234
55237
55235
55236
55227
55249
55250
55251
55252
55257
55258
55253
55256
55254
55255
-1
55451
55447
55448
55449
55441
55446
55450
55442
55445
55443
55444
55425
55426
55427
55428
55433
55434
55429
55432
55430
55431
55415
55416
55417
55409
55414
55418
55410
55413
55411
55412
55396
55397
55398
55399
55395
55402
55400
55394
55401
55393
55383
55147
55384
55385
55377
55382
55386
55378
55381
55379
55380
55361
55362
55363
55364
55369
55370
55365
55368
55366
55367
55351
55179
55352
55353
55345
55350
55354
55346
55349
55347
55348
55332
55333
55334
55335
55331
55338
55336
55330
55337
55329
55319
55211
55320
55321
55313
55318
55322
55314
55317
55315
55316
55297
55298
55299
55300
55305
55306
55301
55304
55302
55303
55287
55243
55288
55289
55281
55286
55290
55282
55285
55283
55284
55611
55268
55269
55270
55271
55267
55274
55272
55266
55273
55265
55291
55457
55458
55459
55460
55465
55466
55461
55464
55462
55463
55483
55476
55477
55478
55479
55475
55482
55480
55474
55481
55473
55495
55496
55497
55489
55494
55498
55490
55493
55491
55492
55435
55505
55506
55507
55508
55513
55514
55509
55512
55510
55511
55521
55522
55523
55524
55529
55530
55525
55528
55526
55527
55515
55540
55541
55542
55543
55539
55546
55544
55538
55545
55537
55559
55560
55561
55553
55558
55562
55554
55557
55555
55556
55547
55569
55570
55571
55572
55577
55578
55573
55576
55574
55575
55585
55586
55587
55588
55593
55594
55589
55592
55590
55591
55579
55604
55605
55606
55607
55603
55610
55608
55602
55609
55601
55623
55624
55625
55617
55622
55626
55618
55621
55619
55620
55611
55633
55634
55635
55636
55641
55642
55637
55640
55638
55639
55275
55467
54471
54472
54473
54465
54470
54474
54466
54469
54467
54468
54449
54450
54451
54452
54457
54458
54453
54456
54454
54455
55499
54439
54440
54441
54433
54438
54442
54434
54437
54435
54436
54420
54421
54422
54423
54419
54426
54424
54418
54425
54417
55531
54407
54408
54409
54401
54406
54410
54402
54405
54403
54404
54385
54386
54387
54388
54393
54394
54389
54392
54390
54391
55563
54375
54376
54377
54369
54374
54378
54370
54373
54371
54372
54356
54357
54358
54359
54355
54362
54360
54354
54361
54353
55595
54343
54344
54345
54337
54342
54346
54338
54341
54339
54340
54321
54322
54323
54324
54329
54330
54325
54328
54326
54327
55627
54311
54312
54313
54305
54310
54314
54306
54309
54307
54308
54292
54293
54294
54295
54291
54298
54296
54290
54297
54289
55643
-1
54459
-1
-1
54363
-1
54299
