77175
77176
77177
77169
77174
77178
77170
77173
77171
77172
77156
77157
77158
77159
77155
77162
77160
77154
77161
77153
77137
77138
77139
77140
77145
77146
77141
77144
77142
77143
77121
77122
77123
77124
77129
77130
77125
77128
77126
77127
77111
77112
77113
77105
77110
77114
77106
77109
77107
77108
77092
77093
77094
77095
77091
77098
77096
77090
77097
77089
77073
77074
77075
77076
77081
77082
77077
77080
77078
77079
77057
77058
77059
77060
77065
77066
77061
77064
77062
77063
77047
77048
77049
77041
77046
77050
77042
77045
77043
77044
77031
77030
77029
77028
77032
77034
77027
77033
77026
77025
76843
76839
76840
76841
76833
76838
76842
76834
76837
76835
76836
77179
76849
76850
76851
76852
76857
76858
76853
76856
76854
76855
76875
76871
76872
76873
76865
76870
76874
76866
76869
76867
76868
77147
76884
76885
76886
76887
76883
76890
76888
76882
76889
76881
76907
76903
76904
76905
76897
76902
76906
76898
76901
76899
76900
77115
76913
76914
76915
76916
76921
76922
76917
76920
76918
76919
76939
76935
76936
76937
76929
76934
76938
76930
76933
76931
76932
77083
76948
76949
76950
76951
76947
76954
76952
76946
76953
76945
76971
76967
76968
76969
76961
76966
76970
76962
76965
76963
76964
77051
76977
76978
76979
76980
76985
76986
76981
76984
76982
76983
76987
77035
76791
76792
76793
76785
76790
76794
76786
76789
76787
76788
76772
76773
76774
76775
76771
76778
76776
76770
76777
76769
76753
76754
76755
76756
76761
76762
76757
76760
76758
76759
76737
76738
76739
76740
76745
76746
76741
76744
76742
76743
76727
76728
76729
76721
76726
76730
76722
76725
76723
76724
76708
76709
76710
76711
76707
76714
76712
76706
76713
76705
76689
76690
76691
76692
76697
76698
76693
76696
76694
76695
76673
76674
76675
76676
76681
76682
76677
76680
76678
76679
76663
76664
76665
76657
76662
76666
76658
76661
76659
76660
76644
76645
76646
76647
76643
76650
76648
76642
76649
76641
-1
76455
76456
76457
76449
76454
76458
76450
76453
76451
76452
76459
76465
76466
76467
76468
76473
76474
76469
76472
76470
76471
76491
76487
76488
76489
76481
76486
76490
76482
76485
76483
76484
76763
76500
76501
76502
76503
76499
76506
76504
76498
76505
76497
76523
76519
76520
76521
76513
76518
76522
76514
76517
76515
76516
76731
76529
76530
76531
76532
76537
76538
76533
76536
76534
76535
76555
76551
76552
76553
76545
76550
76554
76546
76549
76547
76548
76699
76564
76565
76566
76567
76563
76570
76568
76562
76569
76561
76587
76583
76584
76585
76577
76582
76586
76578
76581
76579
76580
76667
76593
76594
76595
76596
76601
76602
76597
76600
76598
76599
76603
76651
53316
53317
53318
53319
53315
53322
53320
53314
53321
53313
53335
53336
53337
53329
53334
53338
53330
53333
53331
53332
53345
53346
53347
53348
53353
53354
53349
53352
53350
53351
53367
53368
53369
53361
53366
53370
53362
53365
53363
53364
53380
53381
53382
53383
53379
53386
53384
53378
53385
53377
53399
53400
53401
53393
53398
53402
53394
53397
53395
53396
53409
53410
53411
53412
53417
53418
53413
53416
53414
53415
53431
53432
53433
53425
53430
53434
53426
53429
53427
53428
54084
54085
54086
54087
54083
54090
54088
54082
54089
54081
54071
54072
54073
54065
54070
54074
54066
54069
54067
54068
