57012
57013
57014
57015
57011
57018
57016
57010
57017
57009
57031
57032
57033
57025
57030
57034
57026
57029
57027
57028
57041
57042
57043
57044
57049
57050
57045
57048
57046
57047
57057
57058
57059
57060
57065
57066
57061
57064
57062
57063
57076
57077
57078
57079
57075
57082
57080
57074
57081
57073
57095
57096
57097
57089
57094
57098
57090
57093
57091
57092
57105
57106
57107
57108
57113
57114
57109
57112
57110
57111
57121
57122
57123
57124
57129
57130
57125
57128
57126
57127
57140
57141
57142
57143
57139
57146
57144
57138
57145
57137
57159
57160
57161
57153
57158
57162
57154
57157
57155
57156
-1
58343
58344
58345
58337
58342
58346
58338
58341
58339
58340
57035
58353
58354
58355
58356
58361
58362
58357
58360
58358
58359
58299
58375
58376
58377
58369
58374
58378
58370
58373
58371
58372
57067
58388
58389
58390
58391
58387
58394
58392
58386
58393
58385
58267
58407
58408
58409
58401
58406
58410
58402
58405
58403
58404
57099
58417
58418
58419
58420
58425
58426
58421
58424
58422
58423
58235
58439
58440
58441
58433
58438
58442
58434
58437
58435
58436
57131
58452
58453
58454
58455
58451
58458
58456
58450
58457
58449
58203
58471
58472
58473
58465
58470
58474
58466
58469
58467
58468
58491
58481
58482
58483
58484
58489
58490
58485
58488
58486
58487
58187
-1
58295
58296
58297
58289
58294
58298
58290
58293
58291
58292
58276
58277
58278
58279
58275
58282
58280
58274
58281
58273
58257
58258
58259
58260
58265
58266
58261
58264
58262
58263
58241
58242
58243
58244
58249
58250
58245
58248
58246
58247
58231
58232
58233
58225
58230
58234
58226
58229
58227
58228
58212
58213
58214
58215
58211
58218
58216
58210
58217
58209
58193
58194
58195
58196
58201
58202
58197
58200
58198
58199
58513
58514
58515
58516
58521
58522
58517
58520
58518
58519
58183
58184
58185
58177
58182
58186
58178
58181
58179
58180
58164
58165
58166
58167
58163
58170
58168
58162
58169
58161
-1
57975
57976
57977
57969
57974
57978
57970
57973
57971
57972
57979
57985
57986
57987
57988
57993
57994
57989
57992
57990
57991
56635
58007
58008
58009
58001
58006
58010
58002
58005
58003
58004
58283
58020
58021
58022
58023
58019
58026
58024
58018
58025
58017
56667
58039
58040
58041
58033
58038
58042
58034
58037
58035
58036
58251
58049
58050
58051
58052
58057
58058
58053
58056
58054
58055
56699
58071
58072
58073
58065
58070
58074
58066
58069
58067
58068
58219
58084
58085
58086
58087
58083
58090
58088
58082
58089
58081
56731
58103
58104
58105
58097
58102
58106
58098
58101
58099
58100
58107
58113
58114
58115
58116
58121
58122
58117
58120
58118
58119
56763
-1
56628
56629
56630
56631
56627
56634
56632
56626
56633
56625
56647
56648
56649
56641
56646
56650
56642
56645
56643
56644
56657
56658
56659
56660
56665
56666
56661
56664
56662
56663
56673
56674
56675
56676
56681
56682
56677
56680
56678
56679
56692
56693
56694
56695
56691
56698
56696
56690
56697
56689
56711
56712
56713
56705
56710
56714
56706
56709
56707
56708
56721
56722
56723
56724
56729
56730
56725
56728
56726
56727
56737
56738
56739
56740
56745
56746
56741
56744
56742
56743
56756
56757
56758
56759
56755
56762
56760
56754
56761
56753
56775
56776
56777
56769
56774
56778
56770
56773
56771
56772
