58923
58919
58920
58921
58913
58918
58922
58914
58917
58915
58916
58897
58898
58899
58900
58905
58906
58901
58904
58902
58903
58907
58887
58888
58889
58881
58886
58890
58882
58885
58883
58884
58868
58869
58870
58871
58867
58874
58872
58866
58873
58865
58875
58855
58856
58857
58849
58854
58858
58850
58853
58851
58852
58833
58834
58835
58836
58841
58842
58837
58840
58838
58839
58843
58823
58824
58825
58817
58822
58826
58818
58821
58819
58820
58804
58805
58806
58807
58803
58810
58808
58802
58809
58801
58811
58791
58792
58793
58785
58790
58794
58786
58789
58787
58788
58769
58770
58771
58772
58777
58778
58773
58776
58774
58775
58779
58759
58760
58761
58753
58758
58762
58754
58757
58755
58756
58740
58741
58742
58743
58739
58746
58744
58738
58745
58737
58747
58929
58930
58931
58932
58937
58938
58933
58936
58934
58935
58939
58948
58949
58950
58951
58947
58954
58952
58946
58953
58945
58967
58968
58969
58961
58966
58970
58962
58965
58963
58964
58955
58977
58978
58979
58980
58985
58986
58981
58984
58982
58983
58993
58994
58995
58996
59001
59002
58997
59000
58998
58999
58987
59012
59013
59014
59015
59011
59018
59016
59010
59017
59009
59031
59032
59033
59025
59030
59034
59026
59029
59027
59028
59019
59041
59042
59043
59044
59049
59050
59045
59048
59046
59047
59057
59058
59059
59060
59065
59066
59061
59064
59062
59063
59051
59076
59077
59078
59079
59075
59082
59080
59074
59081
59073
59095
59096
59097
59089
59094
59098
59090
59093
59091
59092
59083
59105
59106
59107
59108
59113
59114
59109
59112
59110
59111
59115
59307
59303
59304
59305
59297
59302
59306
59298
59301
59299
59300
59281
59282
-1
-1
59289
59290
-1
59288
59286
59287
58971
59271
59272
59273
59265
59270
59274
59266
59269
59267
59268
59252
59253
59254
59255
59251
59258
59256
59250
59257
59249
59003
59239
59240
59241
59233
59238
59242
59234
59237
59235
59236
59217
59218
59219
59220
59225
59226
59221
59224
59222
59223
59035
59207
59208
59209
59201
59206
59210
59202
59205
59203
59204
59188
59189
59190
59191
59187
59194
59192
59186
59193
59185
59067
59175
59176
59177
59169
59174
59178
59170
59173
59171
59172
59153
59154
59155
59156
59161
59162
59157
59160
59158
59159
59099
59143
59144
59145
59137
59142
59146
59138
59141
59139
59140
59124
59125
59126
59127
59123
59130
59128
59122
59121
59147
-1
59313
59314
59315
59316
59321
59322
59317
59320
59318
59319
59339
59332
59333
59334
59335
59331
59338
59336
59330
59337
59329
59351
59352
59353
59345
59350
59354
59346
59349
59347
59348
59291
59361
59362
59363
59364
59369
59370
59365
59368
59366
59367
59377
59378
59379
59380
59385
59386
59381
59384
59382
59383
59259
59396
59397
59398
59399
59395
59402
59400
59394
59401
59393
59415
59416
59417
59409
59414
59418
59410
59413
59411
59412
59227
59425
59426
59427
59428
59433
59434
59429
59432
59430
59431
59473
59474
59475
59476
59481
59482
59477
59480
59478
59479
59195
59460
59461
59462
59463
59459
59466
59464
59458
59465
59457
59495
59496
59497
59489
59494
59498
59490
59493
59491
59492
59163
59505
59506
59507
59508
59513
59514
59509
59512
59510
59511
59131
59323
-1
56421
56422
-1
56419
56426
56424
56418
56425
-1
56439
56440
56441
56433
56438
56442
56434
56437
56435
56436
59355
56449
56450
56451
56452
56457
56458
56453
56456
56454
56455
56471
56472
56473
56465
56470
56474
56466
56469
56467
56468
59387
56484
56485
56486
56487
56483
56490
56488
56482
56489
56481
56503
56504
56505
56497
56502
56506
56498
56501
56499
56500
59419
56513
56514
56515
56516
56521
56522
56517
56520
56518
56519
56535
56536
56537
56529
56534
56538
56530
56533
56531
56532
59483
56548
56549
56550
56551
56547
56554
56552
56546
56553
56545
56567
56568
56569
56561
56566
56570
56562
56565
56563
56564
59499
56577
56578
56579
56580
56585
56586
56581
56584
56582
56583
56599
56600
56601
56593
56598
56602
56594
56597
56595
56596
59515
-1
56459
56491
56523
56555
56587
56603
