59732
59733
59734
59735
59731
59738
59736
59730
59737
59729
59751
59752
59753
59745
59750
59754
59746
59749
59747
59748
59761
59762
59763
59764
59769
59770
59765
59768
59766
59767
59777
59778
59779
59780
59785
59786
59781
59784
59782
59783
59796
59797
59798
59799
59795
59802
59800
59794
59801
59793
59815
59816
59817
59809
59814
59818
59810
59813
59811
59812
59825
59826
59827
59828
59833
59834
59829
59832
59830
59831
59841
59842
59843
59844
59849
59850
59845
59848
59846
59847
59860
59861
59862
59863
59859
59866
59864
59858
59865
59857
59879
59880
59881
59873
59878
59882
59874
59877
59875
59876
60123
60065
60066
60067
60068
60073
60074
60069
60072
60070
60071
59755
60055
60056
60057
60049
60054
60058
60050
60053
60051
60052
60075
60036
60037
60038
60039
60035
60042
60040
60034
60041
60033
59787
60023
60024
60025
60017
60022
60026
60018
60021
60019
60020
60043
60001
60002
60003
60004
60009
60010
60005
60008
60006
60007
59819
59991
59992
59993
59985
59990
59994
59986
59989
59987
59988
60011
59972
59973
59974
59975
59971
59978
59976
59970
59977
59969
59851
59959
59960
59961
59953
59958
59962
59954
59957
59955
59956
59979
59937
59938
59939
59940
59945
59946
59941
59944
59942
59943
59883
59927
59928
59929
59921
59926
59930
59922
59925
59923
59924
59947
59931
60116
60117
60118
60119
60115
60122
60120
60114
60121
60113
60135
60136
60137
60129
60134
60138
60130
60133
60131
60132
60145
60146
60147
60148
60153
60154
60149
60152
60150
60151
60161
60162
60163
60164
60169
60170
60165
60168
60166
60167
60180
60181
60182
60183
60179
60186
60184
60178
60185
60177
60199
60200
60201
60193
60198
60202
60194
60197
60195
60196
60209
60210
60211
60212
60217
60218
60213
60216
60214
60215
60225
60226
60227
60228
60233
60234
60229
60232
60230
60231
60244
60245
60246
60247
60243
60250
60248
60242
60249
60241
60263
60264
60265
60257
60262
60266
60258
60261
60259
60260
61643
61585
61586
61587
61588
61593
61594
61589
61592
61590
61591
60139
61575
61576
61577
61569
61574
61578
61570
61573
61571
61572
61675
61556
61557
61558
61559
61555
61562
61560
61554
61561
61553
60171
61543
61544
61545
61537
61542
61546
61538
61541
61539
61540
61707
61521
61522
61523
61524
61529
61530
61525
61528
61526
61527
60203
61511
61512
61513
61505
61510
61514
61506
61509
61507
61508
61739
61492
61493
61494
61495
61491
61498
61496
61490
61497
61489
60235
61479
61480
61481
61473
61478
61482
61474
61477
61475
61476
61771
61457
61458
61459
61460
61465
61466
61461
61464
61462
61463
60267
61447
61448
61449
61441
61446
61450
61442
61445
61443
61444
61467
61451
61636
61637
61638
61639
61635
61642
61640
61634
61641
61633
61655
61656
61657
61649
61654
61658
61650
61653
61651
61652
61665
61666
61667
61668
61673
61674
61669
61672
61670
61671
61681
61682
61683
61684
61689
61690
61685
61688
61686
61687
61700
61701
61702
61703
61699
61706
61704
61698
61705
61697
61719
61720
61721
61713
61718
61722
61714
61717
61715
61716
61729
61730
61731
61732
61737
61738
61733
61736
61734
61735
61745
61746
61747
61748
61753
61754
61749
61752
61750
61751
61764
61765
61766
61767
61763
61770
61768
61762
61769
61761
61783
61784
61785
61777
61782
61786
61778
61781
61779
61780
